book_order,book,chapter,verse,reference,position,word_text,lemma,morph,strong,manuscript,tradition
16,Nehemiah,1,1,Nehemiah 1:1,1,ܘܗ̣ܘܐ,,,,Peshitta,PESH
16,Nehemiah,1,1,Nehemiah 1:1,2,ܒܝܪܚ,,,,Peshitta,PESH
16,Nehemiah,1,1,Nehemiah 1:1,3,ܟܢܘܢ,,,,Peshitta,PESH
16,Nehemiah,1,1,Nehemiah 1:1,4,ܒܫܢܬ,,,,Peshitta,PESH
16,Nehemiah,1,1,Nehemiah 1:1,5,ܥܣܪܝܢ,,,,Peshitta,PESH
16,Nehemiah,1,1,Nehemiah 1:1,6,ܐܢܐ,,,,Peshitta,PESH
16,Nehemiah,1,1,Nehemiah 1:1,7,ܩܐܡ,,,,Peshitta,PESH
16,Nehemiah,1,1,Nehemiah 1:1,8,ܗ̇ܘܝܬ,,,,Peshitta,PESH
16,Nehemiah,1,1,Nehemiah 1:1,9,ܒܫܘܫܢ,,,,Peshitta,PESH
16,Nehemiah,1,1,Nehemiah 1:1,10,ܒܝܪܬܐ,,,,Peshitta,PESH
16,Nehemiah,1,2,Nehemiah 1:2,1,ܘܐ̣ܬܐ,,,,Peshitta,PESH
16,Nehemiah,1,2,Nehemiah 1:2,2,ܚܢܢܝ,,,,Peshitta,PESH
16,Nehemiah,1,2,Nehemiah 1:2,3,ܚܕ,,,,Peshitta,PESH
16,Nehemiah,1,2,Nehemiah 1:2,4,ܡܢ,,,,Peshitta,PESH
16,Nehemiah,1,2,Nehemiah 1:2,5,ܐܚ̈ܝ,,,,Peshitta,PESH
16,Nehemiah,1,2,Nehemiah 1:2,6,ܗܘ,,,,Peshitta,PESH
16,Nehemiah,1,2,Nehemiah 1:2,7,ܘܓܒܪ̈ܐ,,,,Peshitta,PESH
16,Nehemiah,1,2,Nehemiah 1:2,8,ܝܗܘ̈ܕܝܐ,,,,Peshitta,PESH
16,Nehemiah,1,2,Nehemiah 1:2,9,ܘܫ̇ܐܠܬ,,,,Peshitta,PESH
16,Nehemiah,1,2,Nehemiah 1:2,10,ܐܢܘܢ,,,,Peshitta,PESH
16,Nehemiah,1,2,Nehemiah 1:2,11,ܥܠ,,,,Peshitta,PESH
16,Nehemiah,1,2,Nehemiah 1:2,12,ܝܗܘ̈ܕܝܐ,,,,Peshitta,PESH
16,Nehemiah,1,2,Nehemiah 1:2,13,ܐܝܠܝܢ,,,,Peshitta,PESH
16,Nehemiah,1,2,Nehemiah 1:2,14,ܕܝܬܪܘ,,,,Peshitta,PESH
16,Nehemiah,1,2,Nehemiah 1:2,15,ܡܢ,,,,Peshitta,PESH
16,Nehemiah,1,2,Nehemiah 1:2,16,ܫܒܝܐ,,,,Peshitta,PESH
16,Nehemiah,1,2,Nehemiah 1:2,17,ܘܐܦ,,,,Peshitta,PESH
16,Nehemiah,1,2,Nehemiah 1:2,18,ܥܠ,,,,Peshitta,PESH
16,Nehemiah,1,2,Nehemiah 1:2,19,ܐܘܪܫܠܡ,,,,Peshitta,PESH
16,Nehemiah,1,2,Nehemiah 1:2,20,ܡܕܝܢܬܐ,,,,Peshitta,PESH
16,Nehemiah,1,3,Nehemiah 1:3,1,ܘܐܡܪܝܢ,,,,Peshitta,PESH
16,Nehemiah,1,3,Nehemiah 1:3,2,ܠܝ,,,,Peshitta,PESH
16,Nehemiah,1,3,Nehemiah 1:3,3,ܗܠܝܢ,,,,Peshitta,PESH
16,Nehemiah,1,3,Nehemiah 1:3,4,ܐܢܫܐ,,,,Peshitta,PESH
16,Nehemiah,1,3,Nehemiah 1:3,5,ܕܫ̇ܐܠܬ,,,,Peshitta,PESH
16,Nehemiah,1,3,Nehemiah 1:3,6,ܐܢܘܢ,,,,Peshitta,PESH
16,Nehemiah,1,3,Nehemiah 1:3,7,ܗܢܘܢ,,,,Peshitta,PESH
16,Nehemiah,1,3,Nehemiah 1:3,8,ܐܢܫܐ,,,,Peshitta,PESH
16,Nehemiah,1,3,Nehemiah 1:3,9,ܐܝܠܝܢ,,,,Peshitta,PESH
16,Nehemiah,1,3,Nehemiah 1:3,10,ܕܦܠܛܘ,,,,Peshitta,PESH
16,Nehemiah,1,3,Nehemiah 1:3,11,ܡܢ,,,,Peshitta,PESH
16,Nehemiah,1,3,Nehemiah 1:3,12,ܫܒܝܐ,,,,Peshitta,PESH
16,Nehemiah,1,3,Nehemiah 1:3,13,ܗܐ,,,,Peshitta,PESH
16,Nehemiah,1,3,Nehemiah 1:3,14,ܬܡܢ,,,,Peshitta,PESH
16,Nehemiah,1,3,Nehemiah 1:3,15,ܐܢܘܢ,,,,Peshitta,PESH
16,Nehemiah,1,3,Nehemiah 1:3,16,ܒܡܕܝܢܬܐ,,,,Peshitta,PESH
16,Nehemiah,1,3,Nehemiah 1:3,17,ܒܒܝܫܬܐ,,,,Peshitta,PESH
16,Nehemiah,1,3,Nehemiah 1:3,18,ܪܒܬܐ,,,,Peshitta,PESH
16,Nehemiah,1,3,Nehemiah 1:3,19,ܫܪܝܢ,,,,Peshitta,PESH
16,Nehemiah,1,3,Nehemiah 1:3,20,ܘܒܚܣܕܐ,,,,Peshitta,PESH
16,Nehemiah,1,3,Nehemiah 1:3,21,ܣܓܝܐܐ,,,,Peshitta,PESH
16,Nehemiah,1,3,Nehemiah 1:3,22,ܘܗܐ,,,,Peshitta,PESH
16,Nehemiah,1,3,Nehemiah 1:3,23,ܫܘܪܗ̇,,,,Peshitta,PESH
16,Nehemiah,1,3,Nehemiah 1:3,24,ܕܐܘܪܫܠܡ,,,,Peshitta,PESH
16,Nehemiah,1,3,Nehemiah 1:3,25,ܬܪܝܥ,,,,Peshitta,PESH
16,Nehemiah,1,3,Nehemiah 1:3,26,ܘܬܪ̈ܥܝܗ̇,,,,Peshitta,PESH
16,Nehemiah,1,3,Nehemiah 1:3,27,ܝܩܝܕܝܢ,,,,Peshitta,PESH
16,Nehemiah,1,3,Nehemiah 1:3,28,ܒܢܘܪܐ,,,,Peshitta,PESH
16,Nehemiah,1,4,Nehemiah 1:4,1,ܗܝܕܝܢ,,,,Peshitta,PESH
16,Nehemiah,1,4,Nehemiah 1:4,2,ܟܕ,,,,Peshitta,PESH
16,Nehemiah,1,4,Nehemiah 1:4,3,ܫ̇ܡܥܬ,,,,Peshitta,PESH
16,Nehemiah,1,4,Nehemiah 1:4,4,ܡ̈ܠܐ,,,,Peshitta,PESH
16,Nehemiah,1,4,Nehemiah 1:4,5,ܗܠܝܢ,,,,Peshitta,PESH
16,Nehemiah,1,4,Nehemiah 1:4,6,ܝ̇ܬܒ,,,,Peshitta,PESH
16,Nehemiah,1,4,Nehemiah 1:4,7,ܗ̇ܘܝܬ,,,,Peshitta,PESH
16,Nehemiah,1,4,Nehemiah 1:4,8,ܘܒ̇ܟܐ,,,,Peshitta,PESH
16,Nehemiah,1,4,Nehemiah 1:4,9,ܘܡܬܐܒܠ,,,,Peshitta,PESH
16,Nehemiah,1,4,Nehemiah 1:4,10,ܝܘܡ̈ܬܐ,,,,Peshitta,PESH
16,Nehemiah,1,4,Nehemiah 1:4,11,ܣܓܝ̈ܐܐ,,,,Peshitta,PESH
16,Nehemiah,1,4,Nehemiah 1:4,12,ܘܗ̇ܘܝܬ,,,,Peshitta,PESH
16,Nehemiah,1,4,Nehemiah 1:4,13,ܨܐܡ,,,,Peshitta,PESH
16,Nehemiah,1,4,Nehemiah 1:4,14,ܘܡܨ̇ܠܐ,,,,Peshitta,PESH
16,Nehemiah,1,4,Nehemiah 1:4,15,ܩܕܡ,,,,Peshitta,PESH
16,Nehemiah,1,4,Nehemiah 1:4,16,ܐܠܗܐ,,,,Peshitta,PESH
16,Nehemiah,1,4,Nehemiah 1:4,17,ܕܫܡܝܐ,,,,Peshitta,PESH
16,Nehemiah,1,5,Nehemiah 1:5,1,ܘܐ̇ܡܪ,,,,Peshitta,PESH
16,Nehemiah,1,5,Nehemiah 1:5,2,ܗ̇ܘܝܬ,,,,Peshitta,PESH
16,Nehemiah,1,5,Nehemiah 1:5,3,ܒ̇ܥܐ,,,,Peshitta,PESH
16,Nehemiah,1,5,Nehemiah 1:5,4,ܐܢܐ,,,,Peshitta,PESH
16,Nehemiah,1,5,Nehemiah 1:5,5,ܡܢ,,,,Peshitta,PESH
16,Nehemiah,1,5,Nehemiah 1:5,6,ܩܕܡܝܟ,,,,Peshitta,PESH
16,Nehemiah,1,5,Nehemiah 1:5,7,ܡܪܝܐ,,,,Peshitta,PESH
16,Nehemiah,1,5,Nehemiah 1:5,8,ܐܠܗܐ,,,,Peshitta,PESH
16,Nehemiah,1,5,Nehemiah 1:5,9,ܕܫܡܝܐ,,,,Peshitta,PESH
16,Nehemiah,1,5,Nehemiah 1:5,10,ܐܠܗܐ,,,,Peshitta,PESH
16,Nehemiah,1,5,Nehemiah 1:5,11,ܓܢܒܪܐ,,,,Peshitta,PESH
16,Nehemiah,1,5,Nehemiah 1:5,12,ܘܪܒܐ,,,,Peshitta,PESH
16,Nehemiah,1,5,Nehemiah 1:5,13,ܘܕܚܝܠܐ,,,,Peshitta,PESH
16,Nehemiah,1,5,Nehemiah 1:5,14,ܢ̇ܛܪ,,,,Peshitta,PESH
16,Nehemiah,1,5,Nehemiah 1:5,15,ܫܪܪܐ,,,,Peshitta,PESH
16,Nehemiah,1,5,Nehemiah 1:5,16,ܘܛܝܒܘܬܐ,,,,Peshitta,PESH
16,Nehemiah,1,5,Nehemiah 1:5,17,ܠܪ̈ܚܡܘܗܝ,,,,Peshitta,PESH
16,Nehemiah,1,5,Nehemiah 1:5,18,ܘܠܢܛܪ̈ܝ,,,,Peshitta,PESH
16,Nehemiah,1,5,Nehemiah 1:5,19,ܦܘܩ̈ܕܢܘܗܝ,,,,Peshitta,PESH
16,Nehemiah,1,6,Nehemiah 1:6,1,ܢܗ̈ܘܝܢ,,,,Peshitta,PESH
16,Nehemiah,1,6,Nehemiah 1:6,2,ܡܟܝܠ,,,,Peshitta,PESH
16,Nehemiah,1,6,Nehemiah 1:6,3,ܥܝ̈ܢܝܟ,,,,Peshitta,PESH
16,Nehemiah,1,6,Nehemiah 1:6,4,ܦܬܝ̈ܚܢ,,,,Peshitta,PESH
16,Nehemiah,1,6,Nehemiah 1:6,5,ܘܐܕܢ̈ܝܟ,,,,Peshitta,PESH
16,Nehemiah,1,6,Nehemiah 1:6,6,ܨܝ̈ܬܢ,,,,Peshitta,PESH
16,Nehemiah,1,6,Nehemiah 1:6,7,ܠܡܫܡܥ,,,,Peshitta,PESH
16,Nehemiah,1,6,Nehemiah 1:6,8,ܨܠܘܬܐ,,,,Peshitta,PESH
16,Nehemiah,1,6,Nehemiah 1:6,9,ܕܐܢܐ,,,,Peshitta,PESH
16,Nehemiah,1,6,Nehemiah 1:6,10,ܥܒܕܟ,,,,Peshitta,PESH
16,Nehemiah,1,6,Nehemiah 1:6,11,ܡܨ̇ܠܐ,,,,Peshitta,PESH
16,Nehemiah,1,6,Nehemiah 1:6,12,ܩܕܡܝܟ,,,,Peshitta,PESH
16,Nehemiah,1,6,Nehemiah 1:6,13,ܒܐܝܡܡܐ,,,,Peshitta,PESH
16,Nehemiah,1,6,Nehemiah 1:6,14,ܘܒܠܠܝܐ,,,,Peshitta,PESH
16,Nehemiah,1,6,Nehemiah 1:6,15,ܥܠ,,,,Peshitta,PESH
16,Nehemiah,1,6,Nehemiah 1:6,16,ܒܢ̈ܝ,,,,Peshitta,PESH
16,Nehemiah,1,6,Nehemiah 1:6,17,ܐܝܣܪܝܠ,,,,Peshitta,PESH
16,Nehemiah,1,6,Nehemiah 1:6,18,ܥܒ̈ܕܝܟ,,,,Peshitta,PESH
16,Nehemiah,1,6,Nehemiah 1:6,19,ܘܐܢܐ,,,,Peshitta,PESH
16,Nehemiah,1,6,Nehemiah 1:6,20,ܡܘܕܐ,,,,Peshitta,PESH
16,Nehemiah,1,6,Nehemiah 1:6,21,ܐܢܐ,,,,Peshitta,PESH
16,Nehemiah,1,6,Nehemiah 1:6,22,ܥܠ,,,,Peshitta,PESH
16,Nehemiah,1,6,Nehemiah 1:6,23,ܚܛܗ̈ܐ,,,,Peshitta,PESH
16,Nehemiah,1,6,Nehemiah 1:6,24,ܕܒܢ̈ܝ,,,,Peshitta,PESH
16,Nehemiah,1,6,Nehemiah 1:6,25,ܐܝܣܪܝܠ,,,,Peshitta,PESH
16,Nehemiah,1,6,Nehemiah 1:6,26,ܕܚܛܘ,,,,Peshitta,PESH
16,Nehemiah,1,6,Nehemiah 1:6,27,ܠܟ,,,,Peshitta,PESH
16,Nehemiah,1,6,Nehemiah 1:6,28,ܘܐܢܐ,,,,Peshitta,PESH
16,Nehemiah,1,6,Nehemiah 1:6,29,ܘܒܝܬ,,,,Peshitta,PESH
16,Nehemiah,1,6,Nehemiah 1:6,30,ܐܒܝ,,,,Peshitta,PESH
16,Nehemiah,1,6,Nehemiah 1:6,31,ܚ̣ܛܝܢܢ,,,,Peshitta,PESH
16,Nehemiah,1,6,Nehemiah 1:6,32,ܚܢܢ,,,,Peshitta,PESH
16,Nehemiah,1,6,Nehemiah 1:6,33,ܩܕܡܝܟ,,,,Peshitta,PESH
16,Nehemiah,1,7,Nehemiah 1:7,1,ܘܠܐ,,,,Peshitta,PESH
16,Nehemiah,1,7,Nehemiah 1:7,2,ܢܛܪܢ,,,,Peshitta,PESH
16,Nehemiah,1,7,Nehemiah 1:7,3,ܦܘܩ̈ܕܢܐ,,,,Peshitta,PESH
16,Nehemiah,1,7,Nehemiah 1:7,4,ܘܢܡܘ̈ܣܐ,,,,Peshitta,PESH
16,Nehemiah,1,7,Nehemiah 1:7,5,ܕܦܩܕܬ̣,,,,Peshitta,PESH
16,Nehemiah,1,7,Nehemiah 1:7,6,ܠܡܘܫܐ,,,,Peshitta,PESH
16,Nehemiah,1,7,Nehemiah 1:7,7,ܥܒܕܟ,,,,Peshitta,PESH
16,Nehemiah,1,8,Nehemiah 1:8,1,ܐܬܕܟܪ,,,,Peshitta,PESH
16,Nehemiah,1,8,Nehemiah 1:8,2,ܦܬܓ̈ܡܐ,,,,Peshitta,PESH
16,Nehemiah,1,8,Nehemiah 1:8,3,ܕܦܩܕܬ̣,,,,Peshitta,PESH
16,Nehemiah,1,8,Nehemiah 1:8,4,ܠܡܘܫܐ,,,,Peshitta,PESH
16,Nehemiah,1,8,Nehemiah 1:8,5,ܥܒܕܟ,,,,Peshitta,PESH
16,Nehemiah,1,8,Nehemiah 1:8,6,ܘܐܡܪܬ̣,,,,Peshitta,PESH
16,Nehemiah,1,8,Nehemiah 1:8,7,ܠܗ,,,,Peshitta,PESH
16,Nehemiah,1,8,Nehemiah 1:8,8,ܕܐܢܬܘܢ,,,,Peshitta,PESH
16,Nehemiah,1,8,Nehemiah 1:8,9,ܬܟܕܒܘܢ,,,,Peshitta,PESH
16,Nehemiah,1,8,Nehemiah 1:8,10,ܒܝ,,,,Peshitta,PESH
16,Nehemiah,1,8,Nehemiah 1:8,11,ܘܐܢܐ,,,,Peshitta,PESH
16,Nehemiah,1,8,Nehemiah 1:8,12,ܐܒܕܪܟܘܢ,,,,Peshitta,PESH
16,Nehemiah,1,8,Nehemiah 1:8,13,ܒܝܬ,,,,Peshitta,PESH
16,Nehemiah,1,8,Nehemiah 1:8,14,ܥܡ̈ܡܐ,,,,Peshitta,PESH
16,Nehemiah,1,9,Nehemiah 1:9,1,ܘܬܬܗܦܟܘܢ,,,,Peshitta,PESH
16,Nehemiah,1,9,Nehemiah 1:9,2,ܠܘܬܝ,,,,Peshitta,PESH
16,Nehemiah,1,9,Nehemiah 1:9,3,ܘܬܛܪܘܢ,,,,Peshitta,PESH
16,Nehemiah,1,9,Nehemiah 1:9,4,ܢܡܘ̈ܣܝ,,,,Peshitta,PESH
16,Nehemiah,1,9,Nehemiah 1:9,5,ܘܬܥܒܕܘܢ,,,,Peshitta,PESH
16,Nehemiah,1,9,Nehemiah 1:9,6,ܐܢܘܢ,,,,Peshitta,PESH
16,Nehemiah,1,9,Nehemiah 1:9,7,ܘܐܢ,,,,Peshitta,PESH
16,Nehemiah,1,9,Nehemiah 1:9,8,ܢܗܘܘܢ,,,,Peshitta,PESH
16,Nehemiah,1,9,Nehemiah 1:9,9,ܡܒܕܪ̈ܝܟܘܢ,,,,Peshitta,PESH
16,Nehemiah,1,9,Nehemiah 1:9,10,ܒܣ̈ܘܦܝ,,,,Peshitta,PESH
16,Nehemiah,1,9,Nehemiah 1:9,11,ܫܡܝܐ,,,,Peshitta,PESH
16,Nehemiah,1,9,Nehemiah 1:9,12,ܡܢ,,,,Peshitta,PESH
16,Nehemiah,1,9,Nehemiah 1:9,13,ܬܡܢ,,,,Peshitta,PESH
16,Nehemiah,1,9,Nehemiah 1:9,14,ܐܩܪܒܟܘܢ,,,,Peshitta,PESH
16,Nehemiah,1,9,Nehemiah 1:9,15,ܘܐܝܬܝܟܘܢ,,,,Peshitta,PESH
16,Nehemiah,1,9,Nehemiah 1:9,16,ܠܐܬܪܐ,,,,Peshitta,PESH
16,Nehemiah,1,9,Nehemiah 1:9,17,ܕܓ̇ܒܝܬ,,,,Peshitta,PESH
16,Nehemiah,1,9,Nehemiah 1:9,18,ܠܡܫܪܝܘ,,,,Peshitta,PESH
16,Nehemiah,1,9,Nehemiah 1:9,19,ܫܡܝ,,,,Peshitta,PESH
16,Nehemiah,1,9,Nehemiah 1:9,20,ܬܡܢ,,,,Peshitta,PESH
16,Nehemiah,1,10,Nehemiah 1:10,1,ܘܗܢܘܢ,,,,Peshitta,PESH
16,Nehemiah,1,10,Nehemiah 1:10,2,ܥܒ̈ܕܝܟ,,,,Peshitta,PESH
16,Nehemiah,1,10,Nehemiah 1:10,3,ܘܥܡܟ,,,,Peshitta,PESH
16,Nehemiah,1,10,Nehemiah 1:10,4,ܕܦ̣ܪܩܬ,,,,Peshitta,PESH
16,Nehemiah,1,10,Nehemiah 1:10,5,ܒܚܝܠܟ,,,,Peshitta,PESH
16,Nehemiah,1,10,Nehemiah 1:10,6,ܪܒܐ,,,,Peshitta,PESH
16,Nehemiah,1,10,Nehemiah 1:10,7,ܘܒܐܝܕܟ,,,,Peshitta,PESH
16,Nehemiah,1,10,Nehemiah 1:10,8,ܬܩܝܦܬܐ,,,,Peshitta,PESH
16,Nehemiah,1,11,Nehemiah 1:11,1,ܒܒܥܘ,,,,Peshitta,PESH
16,Nehemiah,1,11,Nehemiah 1:11,2,ܡܢ,,,,Peshitta,PESH
16,Nehemiah,1,11,Nehemiah 1:11,3,ܩܕܡܝܟ,,,,Peshitta,PESH
16,Nehemiah,1,11,Nehemiah 1:11,4,ܡܪܝܐ,,,,Peshitta,PESH
16,Nehemiah,1,11,Nehemiah 1:11,5,ܬܗܘܐ,,,,Peshitta,PESH
16,Nehemiah,1,11,Nehemiah 1:11,6,ܐܕܢܟ,,,,Peshitta,PESH
16,Nehemiah,1,11,Nehemiah 1:11,7,ܨܝܬܐ,,,,Peshitta,PESH
16,Nehemiah,1,11,Nehemiah 1:11,8,ܠܨܠܘܬܗ,,,,Peshitta,PESH
16,Nehemiah,1,11,Nehemiah 1:11,9,ܕܥܒܕܟ,,,,Peshitta,PESH
16,Nehemiah,1,11,Nehemiah 1:11,10,ܘܠܨܠܘܬܐ,,,,Peshitta,PESH
16,Nehemiah,1,11,Nehemiah 1:11,11,ܕܐܝܠܝܢ,,,,Peshitta,PESH
16,Nehemiah,1,11,Nehemiah 1:11,12,ܕܨܒܝܢ,,,,Peshitta,PESH
16,Nehemiah,1,11,Nehemiah 1:11,13,ܠܡܕܚܠ,,,,Peshitta,PESH
16,Nehemiah,1,11,Nehemiah 1:11,14,ܠܫܡܟ,,,,Peshitta,PESH
16,Nehemiah,1,11,Nehemiah 1:11,15,ܘܦܪܘܩܝܗܝ,,,,Peshitta,PESH
16,Nehemiah,1,11,Nehemiah 1:11,16,ܠܥܒܕܟ,,,,Peshitta,PESH
16,Nehemiah,1,11,Nehemiah 1:11,17,ܝܘܡܢܐ,,,,Peshitta,PESH
16,Nehemiah,1,11,Nehemiah 1:11,18,ܘܗܒܝܗܝ,,,,Peshitta,PESH
16,Nehemiah,1,11,Nehemiah 1:11,19,ܒܪ̈ܚܡܐ,,,,Peshitta,PESH
16,Nehemiah,1,11,Nehemiah 1:11,20,ܩܕܡ,,,,Peshitta,PESH
16,Nehemiah,1,11,Nehemiah 1:11,21,ܓܒܪܐ,,,,Peshitta,PESH
16,Nehemiah,1,11,Nehemiah 1:11,22,ܗܢܐ,,,,Peshitta,PESH
16,Nehemiah,1,11,Nehemiah 1:11,23,ܘܐܢܐ,,,,Peshitta,PESH
16,Nehemiah,1,11,Nehemiah 1:11,24,ܗ̇ܘܝܬ,,,,Peshitta,PESH
16,Nehemiah,1,11,Nehemiah 1:11,25,ܫܩܝܐ,,,,Peshitta,PESH
16,Nehemiah,1,11,Nehemiah 1:11,26,ܠܡܠܟܐ,,,,Peshitta,PESH
16,Nehemiah,2,1,Nehemiah 2:1,1,ܘܗܝܕܝܢ,,,,Peshitta,PESH
16,Nehemiah,2,1,Nehemiah 2:1,2,ܒܝܪܚ,,,,Peshitta,PESH
16,Nehemiah,2,1,Nehemiah 2:1,3,ܢܝܣܢ,,,,Peshitta,PESH
16,Nehemiah,2,1,Nehemiah 2:1,4,ܒܫܢܬ,,,,Peshitta,PESH
16,Nehemiah,2,1,Nehemiah 2:1,5,ܥܣܪܝܢ,,,,Peshitta,PESH
16,Nehemiah,2,1,Nehemiah 2:1,6,ܠܐܪܛܚܫܫܬ,,,,Peshitta,PESH
16,Nehemiah,2,1,Nehemiah 2:1,7,ܡܠܟܐ,,,,Peshitta,PESH
16,Nehemiah,2,1,Nehemiah 2:1,8,ܚܡ̣ܪܐ,,,,Peshitta,PESH
16,Nehemiah,2,1,Nehemiah 2:1,9,ܡܫܩܐ,,,,Peshitta,PESH
16,Nehemiah,2,1,Nehemiah 2:1,10,ܗ̇ܘܝܬ,,,,Peshitta,PESH
16,Nehemiah,2,1,Nehemiah 2:1,11,ܩܕܡ,,,,Peshitta,PESH
16,Nehemiah,2,1,Nehemiah 2:1,12,ܡܠܟܐ,,,,Peshitta,PESH
16,Nehemiah,2,1,Nehemiah 2:1,13,ܘܫ̇ܩܠܬ,,,,Peshitta,PESH
16,Nehemiah,2,1,Nehemiah 2:1,14,ܚܡܪܐ,,,,Peshitta,PESH
16,Nehemiah,2,1,Nehemiah 2:1,15,ܘܝ̇ܗܒܬ,,,,Peshitta,PESH
16,Nehemiah,2,1,Nehemiah 2:1,16,ܠܡܠܟܐ,,,,Peshitta,PESH
16,Nehemiah,2,1,Nehemiah 2:1,17,ܘܠܐ,,,,Peshitta,PESH
16,Nehemiah,2,1,Nehemiah 2:1,18,ܗ̇ܘܝܬ,,,,Peshitta,PESH
16,Nehemiah,2,1,Nehemiah 2:1,19,ܒܝܫ,,,,Peshitta,PESH
16,Nehemiah,2,1,Nehemiah 2:1,20,ܩܕܡܘܗܝ,,,,Peshitta,PESH
16,Nehemiah,2,2,Nehemiah 2:2,1,ܘܐ̣ܡܪ,,,,Peshitta,PESH
16,Nehemiah,2,2,Nehemiah 2:2,2,ܠܝ,,,,Peshitta,PESH
16,Nehemiah,2,2,Nehemiah 2:2,3,ܡܠܟܐ,,,,Peshitta,PESH
16,Nehemiah,2,2,Nehemiah 2:2,4,ܡܛܠ,,,,Peshitta,PESH
16,Nehemiah,2,2,Nehemiah 2:2,5,ܡܢܐ,,,,Peshitta,PESH
16,Nehemiah,2,2,Nehemiah 2:2,6,ܐܦ̈ܝܟ,,,,Peshitta,PESH
16,Nehemiah,2,2,Nehemiah 2:2,7,ܒܝ̈ܫܢ,,,,Peshitta,PESH
16,Nehemiah,2,2,Nehemiah 2:2,8,ܘܐܢܬ,,,,Peshitta,PESH
16,Nehemiah,2,2,Nehemiah 2:2,9,ܠܐ,,,,Peshitta,PESH
16,Nehemiah,2,2,Nehemiah 2:2,10,ܗܘܝܬ̣,,,,Peshitta,PESH
16,Nehemiah,2,2,Nehemiah 2:2,11,ܟܪܝܗ,,,,Peshitta,PESH
16,Nehemiah,2,2,Nehemiah 2:2,12,ܠܝܬ,,,,Peshitta,PESH
16,Nehemiah,2,2,Nehemiah 2:2,13,ܗܢܐ,,,,Peshitta,PESH
16,Nehemiah,2,2,Nehemiah 2:2,14,ܐܠܐ,,,,Peshitta,PESH
16,Nehemiah,2,2,Nehemiah 2:2,15,ܐܢ,,,,Peshitta,PESH
16,Nehemiah,2,2,Nehemiah 2:2,16,ܒܝܫܘܬ,,,,Peshitta,PESH
16,Nehemiah,2,2,Nehemiah 2:2,17,ܠܒܐ,,,,Peshitta,PESH
16,Nehemiah,2,2,Nehemiah 2:2,18,ܘܕ̇ܚܠܬ,,,,Peshitta,PESH
16,Nehemiah,2,2,Nehemiah 2:2,19,ܣܓܝ,,,,Peshitta,PESH
16,Nehemiah,2,2,Nehemiah 2:2,20,ܛܒ,,,,Peshitta,PESH
16,Nehemiah,2,3,Nehemiah 2:3,1,ܘܐ̇ܡܪܬ,,,,Peshitta,PESH
16,Nehemiah,2,3,Nehemiah 2:3,2,ܠܡܠܟܐ,,,,Peshitta,PESH
16,Nehemiah,2,3,Nehemiah 2:3,3,ܡܠܟܐ,,,,Peshitta,PESH
16,Nehemiah,2,3,Nehemiah 2:3,4,ܠܥܠܡ,,,,Peshitta,PESH
16,Nehemiah,2,3,Nehemiah 2:3,5,ܚܝܝ,,,,Peshitta,PESH
16,Nehemiah,2,3,Nehemiah 2:3,6,ܡܛܠ,,,,Peshitta,PESH
16,Nehemiah,2,3,Nehemiah 2:3,7,ܡܢܐ,,,,Peshitta,PESH
16,Nehemiah,2,3,Nehemiah 2:3,8,ܠܐ,,,,Peshitta,PESH
16,Nehemiah,2,3,Nehemiah 2:3,9,ܢܒܐ̈ܫܢ,,,,Peshitta,PESH
16,Nehemiah,2,3,Nehemiah 2:3,10,ܐܦ̈ܝ,,,,Peshitta,PESH
16,Nehemiah,2,3,Nehemiah 2:3,11,ܕܡܕܝܢܬܐ,,,,Peshitta,PESH
16,Nehemiah,2,3,Nehemiah 2:3,12,ܕܒܝܬ,,,,Peshitta,PESH
16,Nehemiah,2,3,Nehemiah 2:3,13,ܡܠܟܘܬܐ,,,,Peshitta,PESH
16,Nehemiah,2,3,Nehemiah 2:3,14,ܕܐܒܗ̈ܝ,,,,Peshitta,PESH
16,Nehemiah,2,3,Nehemiah 2:3,15,ܚܪܒܐ,,,,Peshitta,PESH
16,Nehemiah,2,3,Nehemiah 2:3,16,ܘܬܪ̈ܥܝܗ̇,,,,Peshitta,PESH
16,Nehemiah,2,3,Nehemiah 2:3,17,ܡܘܩܕܝܢ,,,,Peshitta,PESH
16,Nehemiah,2,3,Nehemiah 2:3,18,ܒܢܘܪܐ,,,,Peshitta,PESH
16,Nehemiah,2,4,Nehemiah 2:4,1,ܘܐ̣ܡܪ,,,,Peshitta,PESH
16,Nehemiah,2,4,Nehemiah 2:4,2,ܠܝ,,,,Peshitta,PESH
16,Nehemiah,2,4,Nehemiah 2:4,3,ܡܠܟܐ,,,,Peshitta,PESH
16,Nehemiah,2,4,Nehemiah 2:4,4,ܡܛܠ,,,,Peshitta,PESH
16,Nehemiah,2,4,Nehemiah 2:4,5,ܗܕܐ,,,,Peshitta,PESH
16,Nehemiah,2,4,Nehemiah 2:4,6,ܒ̇ܥܝܬ,,,,Peshitta,PESH
16,Nehemiah,2,4,Nehemiah 2:4,7,ܘܨ̇ܠܝܬ,,,,Peshitta,PESH
16,Nehemiah,2,4,Nehemiah 2:4,8,ܩܕܡ,,,,Peshitta,PESH
16,Nehemiah,2,4,Nehemiah 2:4,9,ܐܠܗܐ,,,,Peshitta,PESH
16,Nehemiah,2,4,Nehemiah 2:4,10,ܕܫܡܝܐ,,,,Peshitta,PESH
16,Nehemiah,2,5,Nehemiah 2:5,1,ܘܐ̇ܡܪܬ,,,,Peshitta,PESH
16,Nehemiah,2,5,Nehemiah 2:5,2,ܠܡܠܟܐ,,,,Peshitta,PESH
16,Nehemiah,2,5,Nehemiah 2:5,3,ܐܢ,,,,Peshitta,PESH
16,Nehemiah,2,5,Nehemiah 2:5,4,ܥܠ,,,,Peshitta,PESH
16,Nehemiah,2,5,Nehemiah 2:5,5,ܡܠܟܐ,,,,Peshitta,PESH
16,Nehemiah,2,5,Nehemiah 2:5,6,ܫܦܝܪ,,,,Peshitta,PESH
16,Nehemiah,2,5,Nehemiah 2:5,7,ܐܢܐ,,,,Peshitta,PESH
16,Nehemiah,2,5,Nehemiah 2:5,8,ܐܢܐ,,,,Peshitta,PESH
16,Nehemiah,2,5,Nehemiah 2:5,9,ܥܒܕܟ,,,,Peshitta,PESH
16,Nehemiah,2,5,Nehemiah 2:5,10,ܩܕܡܝܟ,,,,Peshitta,PESH
16,Nehemiah,2,5,Nehemiah 2:5,11,ܬܫܕܪܢܝ,,,,Peshitta,PESH
16,Nehemiah,2,5,Nehemiah 2:5,12,ܠܝܗܘܕ,,,,Peshitta,PESH
16,Nehemiah,2,5,Nehemiah 2:5,13,ܡܕܝܢܬܗ,,,,Peshitta,PESH
16,Nehemiah,2,5,Nehemiah 2:5,14,ܕܕܘܝܕ,,,,Peshitta,PESH
16,Nehemiah,2,5,Nehemiah 2:5,15,ܠܒܝܬ,,,,Peshitta,PESH
16,Nehemiah,2,5,Nehemiah 2:5,16,ܩܒܘܪܐ,,,,Peshitta,PESH
16,Nehemiah,2,5,Nehemiah 2:5,17,ܕܐܒ̈ܗܝ,,,,Peshitta,PESH
16,Nehemiah,2,5,Nehemiah 2:5,18,ܘܐܒܢܝܗ̇,,,,Peshitta,PESH
16,Nehemiah,2,6,Nehemiah 2:6,1,ܘܐ̣ܡܪ,,,,Peshitta,PESH
16,Nehemiah,2,6,Nehemiah 2:6,2,ܠܝ,,,,Peshitta,PESH
16,Nehemiah,2,6,Nehemiah 2:6,3,ܡܠܟܐ,,,,Peshitta,PESH
16,Nehemiah,2,6,Nehemiah 2:6,4,ܫܛܝܐ,,,,Peshitta,PESH
16,Nehemiah,2,6,Nehemiah 2:6,5,ܥܕ,,,,Peshitta,PESH
16,Nehemiah,2,6,Nehemiah 2:6,6,ܐܡܬܝ,,,,Peshitta,PESH
16,Nehemiah,2,6,Nehemiah 2:6,7,ܐ̇ܙܠ,,,,Peshitta,PESH
16,Nehemiah,2,6,Nehemiah 2:6,8,ܐܢܬ,,,,Peshitta,PESH
16,Nehemiah,2,6,Nehemiah 2:6,9,ܘܐ̇ܬܐ,,,,Peshitta,PESH
16,Nehemiah,2,6,Nehemiah 2:6,10,ܘܫ̣ܦܪ,,,,Peshitta,PESH
16,Nehemiah,2,6,Nehemiah 2:6,11,ܩܕܡ,,,,Peshitta,PESH
16,Nehemiah,2,6,Nehemiah 2:6,12,ܡܠܟܐ,,,,Peshitta,PESH
16,Nehemiah,2,6,Nehemiah 2:6,13,ܘܫܕܪܢܝ,,,,Peshitta,PESH
16,Nehemiah,2,6,Nehemiah 2:6,14,ܘܝ̣ܗܒ,,,,Peshitta,PESH
16,Nehemiah,2,6,Nehemiah 2:6,15,ܠܝ,,,,Peshitta,PESH
16,Nehemiah,2,6,Nehemiah 2:6,16,ܙܒܢܐ,,,,Peshitta,PESH
16,Nehemiah,2,7,Nehemiah 2:7,1,ܘܐ̇ܡܪܬ,,,,Peshitta,PESH
16,Nehemiah,2,7,Nehemiah 2:7,2,ܠܡܠܟܐ,,,,Peshitta,PESH
16,Nehemiah,2,7,Nehemiah 2:7,3,ܐܢ,,,,Peshitta,PESH
16,Nehemiah,2,7,Nehemiah 2:7,4,ܥܠ,,,,Peshitta,PESH
16,Nehemiah,2,7,Nehemiah 2:7,5,ܡܠܟܐ,,,,Peshitta,PESH
16,Nehemiah,2,7,Nehemiah 2:7,6,ܫܦܝܪ,,,,Peshitta,PESH
16,Nehemiah,2,7,Nehemiah 2:7,7,ܢܟܬܒܘܢ,,,,Peshitta,PESH
16,Nehemiah,2,7,Nehemiah 2:7,8,ܠܝ,,,,Peshitta,PESH
16,Nehemiah,2,7,Nehemiah 2:7,9,ܐܓܪ̈ܬܐ,,,,Peshitta,PESH
16,Nehemiah,2,7,Nehemiah 2:7,10,ܠܘܬ,,,,Peshitta,PESH
16,Nehemiah,2,7,Nehemiah 2:7,11,ܫܠܝ̈ܛܐ,,,,Peshitta,PESH
16,Nehemiah,2,7,Nehemiah 2:7,12,ܕܒܥܒܪ,,,,Peshitta,PESH
16,Nehemiah,2,7,Nehemiah 2:7,13,ܢܗܪܐ,,,,Peshitta,PESH
16,Nehemiah,2,7,Nehemiah 2:7,14,ܕܢܥܕܪܘܢܢܝ,,,,Peshitta,PESH
16,Nehemiah,2,7,Nehemiah 2:7,15,ܥܕܡܐ,,,,Peshitta,PESH
16,Nehemiah,2,7,Nehemiah 2:7,16,ܕܐܙܠ,,,,Peshitta,PESH
16,Nehemiah,2,7,Nehemiah 2:7,17,ܠܝܗܘܕ,,,,Peshitta,PESH
16,Nehemiah,2,8,Nehemiah 2:8,1,ܘܐܓܪܬܐ,,,,Peshitta,PESH
16,Nehemiah,2,8,Nehemiah 2:8,2,ܠܘܬ,,,,Peshitta,PESH
16,Nehemiah,2,8,Nehemiah 2:8,3,ܐܣܦ,,,,Peshitta,PESH
16,Nehemiah,2,8,Nehemiah 2:8,4,ܢ̇ܛܪ,,,,Peshitta,PESH
16,Nehemiah,2,8,Nehemiah 2:8,5,ܦܪܕܝܣܐ,,,,Peshitta,PESH
16,Nehemiah,2,8,Nehemiah 2:8,6,ܕܡܠܟܐ,,,,Peshitta,PESH
16,Nehemiah,2,8,Nehemiah 2:8,7,ܕܢܬܠ,,,,Peshitta,PESH
16,Nehemiah,2,8,Nehemiah 2:8,8,ܠܝ,,,,Peshitta,PESH
16,Nehemiah,2,8,Nehemiah 2:8,9,ܩܝ̈ܣܐ,,,,Peshitta,PESH
16,Nehemiah,2,8,Nehemiah 2:8,10,ܠܡܥܒܕ,,,,Peshitta,PESH
16,Nehemiah,2,8,Nehemiah 2:8,11,ܬܪ̈ܥܝ,,,,Peshitta,PESH
16,Nehemiah,2,8,Nehemiah 2:8,12,ܒܝܬܐ,,,,Peshitta,PESH
16,Nehemiah,2,8,Nehemiah 2:8,13,ܘܕܒ̈ܬܐ,,,,Peshitta,PESH
16,Nehemiah,2,8,Nehemiah 2:8,14,ܘܕܫܘܪܐ,,,,Peshitta,PESH
16,Nehemiah,2,8,Nehemiah 2:8,15,ܕܡܕܝܢܬܐ,,,,Peshitta,PESH
16,Nehemiah,2,8,Nehemiah 2:8,16,ܘܠܒܝܬܐ,,,,Peshitta,PESH
16,Nehemiah,2,8,Nehemiah 2:8,17,ܕܥ̇ܐܠ,,,,Peshitta,PESH
16,Nehemiah,2,8,Nehemiah 2:8,18,ܐܢܐ,,,,Peshitta,PESH
16,Nehemiah,2,8,Nehemiah 2:8,19,ܠܗ,,,,Peshitta,PESH
16,Nehemiah,2,8,Nehemiah 2:8,20,ܘܝ̣ܗܒ,,,,Peshitta,PESH
16,Nehemiah,2,8,Nehemiah 2:8,21,ܠܝ,,,,Peshitta,PESH
16,Nehemiah,2,8,Nehemiah 2:8,22,ܡܠܟܐ,,,,Peshitta,PESH
16,Nehemiah,2,8,Nehemiah 2:8,23,ܐܝܟ,,,,Peshitta,PESH
16,Nehemiah,2,8,Nehemiah 2:8,24,ܐܝܕܗ,,,,Peshitta,PESH
16,Nehemiah,2,8,Nehemiah 2:8,25,ܕܐܠܗܝ,,,,Peshitta,PESH
16,Nehemiah,2,8,Nehemiah 2:8,26,ܕܐܛܐܒܬ,,,,Peshitta,PESH
16,Nehemiah,2,8,Nehemiah 2:8,27,ܠܝ,,,,Peshitta,PESH
16,Nehemiah,2,9,Nehemiah 2:9,1,ܘܐ̇ܬܝܬ,,,,Peshitta,PESH
16,Nehemiah,2,9,Nehemiah 2:9,2,ܠܘܬ,,,,Peshitta,PESH
16,Nehemiah,2,9,Nehemiah 2:9,3,ܫܠܝܛܐ,,,,Peshitta,PESH
16,Nehemiah,2,9,Nehemiah 2:9,4,ܕܒܥܒܪ,,,,Peshitta,PESH
16,Nehemiah,2,9,Nehemiah 2:9,5,ܢܗܪܐ,,,,Peshitta,PESH
16,Nehemiah,2,9,Nehemiah 2:9,6,ܘܝ̇ܗܒܬ,,,,Peshitta,PESH
16,Nehemiah,2,9,Nehemiah 2:9,7,ܠܗ,,,,Peshitta,PESH
16,Nehemiah,2,9,Nehemiah 2:9,8,ܐܓܪܬܐ,,,,Peshitta,PESH
16,Nehemiah,2,9,Nehemiah 2:9,9,ܕܡܠܟܐ,,,,Peshitta,PESH
16,Nehemiah,2,9,Nehemiah 2:9,10,ܘܫܕܪ,,,,Peshitta,PESH
16,Nehemiah,2,9,Nehemiah 2:9,11,ܥܡܝ,,,,Peshitta,PESH
16,Nehemiah,2,9,Nehemiah 2:9,12,ܡܠܟܐ,,,,Peshitta,PESH
16,Nehemiah,2,9,Nehemiah 2:9,13,ܪ̈ܒܝ,,,,Peshitta,PESH
16,Nehemiah,2,9,Nehemiah 2:9,14,ܚܝ̈ܠܐ,,,,Peshitta,PESH
16,Nehemiah,2,9,Nehemiah 2:9,15,ܘܦܪ̈ܫܐ,,,,Peshitta,PESH
16,Nehemiah,2,10,Nehemiah 2:10,1,ܘܫ̣ܡܥ,,,,Peshitta,PESH
16,Nehemiah,2,10,Nehemiah 2:10,2,ܣܡܒܠܝܛ,,,,Peshitta,PESH
16,Nehemiah,2,10,Nehemiah 2:10,3,ܚܘܪܢܝܐ,,,,Peshitta,PESH
16,Nehemiah,2,10,Nehemiah 2:10,4,ܘܛܘܒܝܐ,,,,Peshitta,PESH
16,Nehemiah,2,10,Nehemiah 2:10,5,ܓܒܪ̈ܐ,,,,Peshitta,PESH
16,Nehemiah,2,10,Nehemiah 2:10,6,ܥܡܘ̈ܢܝܐ,,,,Peshitta,PESH
16,Nehemiah,2,10,Nehemiah 2:10,7,ܘܐܬܐܒܫܬ,,,,Peshitta,PESH
16,Nehemiah,2,10,Nehemiah 2:10,8,ܠܗܘܢ,,,,Peshitta,PESH
16,Nehemiah,2,10,Nehemiah 2:10,9,ܒܝܫܐܝܬ,,,,Peshitta,PESH
16,Nehemiah,2,10,Nehemiah 2:10,10,ܥܠ,,,,Peshitta,PESH
16,Nehemiah,2,10,Nehemiah 2:10,11,ܕܐ̣ܬܐ,,,,Peshitta,PESH
16,Nehemiah,2,10,Nehemiah 2:10,12,ܒܪܢܫܐ,,,,Peshitta,PESH
16,Nehemiah,2,10,Nehemiah 2:10,13,ܠܡܒܥܐ,,,,Peshitta,PESH
16,Nehemiah,2,10,Nehemiah 2:10,14,ܛܒܬܐ,,,,Peshitta,PESH
16,Nehemiah,2,10,Nehemiah 2:10,15,ܥܠ,,,,Peshitta,PESH
16,Nehemiah,2,10,Nehemiah 2:10,16,ܒܢ̈ܝ,,,,Peshitta,PESH
16,Nehemiah,2,10,Nehemiah 2:10,17,ܐܝܣܪܝܠ,,,,Peshitta,PESH
16,Nehemiah,2,11,Nehemiah 2:11,1,ܘܐ̇ܬܝܬ,,,,Peshitta,PESH
16,Nehemiah,2,11,Nehemiah 2:11,2,ܠܐܘܪܫܠܡ,,,,Peshitta,PESH
16,Nehemiah,2,11,Nehemiah 2:11,3,ܘܗ̇ܘܝܬ,,,,Peshitta,PESH
16,Nehemiah,2,11,Nehemiah 2:11,4,ܬܡܢ,,,,Peshitta,PESH
16,Nehemiah,2,11,Nehemiah 2:11,5,ܝܘܡ̈ܬܐ,,,,Peshitta,PESH
16,Nehemiah,2,11,Nehemiah 2:11,6,ܬܠܬܐ,,,,Peshitta,PESH
16,Nehemiah,2,12,Nehemiah 2:12,1,ܘܩ̇ܡܬ,,,,Peshitta,PESH
16,Nehemiah,2,12,Nehemiah 2:12,2,ܒܠܠܝܐ,,,,Peshitta,PESH
16,Nehemiah,2,12,Nehemiah 2:12,3,ܐܢܐ,,,,Peshitta,PESH
16,Nehemiah,2,12,Nehemiah 2:12,4,ܘܓܒܪ̈ܐ,,,,Peshitta,PESH
16,Nehemiah,2,12,Nehemiah 2:12,5,ܗ̇ܢܘܢ,,,,Peshitta,PESH
16,Nehemiah,2,12,Nehemiah 2:12,6,ܕܐܝܬ,,,,Peshitta,PESH
16,Nehemiah,2,12,Nehemiah 2:12,7,ܗܘܘ,,,,Peshitta,PESH
16,Nehemiah,2,12,Nehemiah 2:12,8,ܥܡܝ,,,,Peshitta,PESH
16,Nehemiah,2,12,Nehemiah 2:12,9,ܘܠܐ,,,,Peshitta,PESH
16,Nehemiah,2,12,Nehemiah 2:12,10,ܚ̇ܘܝܬ,,,,Peshitta,PESH
16,Nehemiah,2,12,Nehemiah 2:12,11,ܠܐܢܫ,,,,Peshitta,PESH
16,Nehemiah,2,12,Nehemiah 2:12,12,ܡܕܡ,,,,Peshitta,PESH
16,Nehemiah,2,12,Nehemiah 2:12,13,ܕܐܪܡܝ,,,,Peshitta,PESH
16,Nehemiah,2,12,Nehemiah 2:12,14,ܐܠܗܐ,,,,Peshitta,PESH
16,Nehemiah,2,12,Nehemiah 2:12,15,ܒܠܒܝ,,,,Peshitta,PESH
16,Nehemiah,2,12,Nehemiah 2:12,16,ܠܡܥܒܕ,,,,Peshitta,PESH
16,Nehemiah,2,12,Nehemiah 2:12,17,ܠܐܘܪܫܠܡ,,,,Peshitta,PESH
16,Nehemiah,2,12,Nehemiah 2:12,18,ܘܒܥܝܪܐ,,,,Peshitta,PESH
16,Nehemiah,2,12,Nehemiah 2:12,19,ܠܝܬ,,,,Peshitta,PESH
16,Nehemiah,2,12,Nehemiah 2:12,20,ܗܘܐ,,,,Peshitta,PESH
16,Nehemiah,2,12,Nehemiah 2:12,21,ܥܡܝ,,,,Peshitta,PESH
16,Nehemiah,2,12,Nehemiah 2:12,22,ܐܠܐ,,,,Peshitta,PESH
16,Nehemiah,2,12,Nehemiah 2:12,23,ܐܢ,,,,Peshitta,PESH
16,Nehemiah,2,12,Nehemiah 2:12,24,ܒܥܝܪܐ,,,,Peshitta,PESH
16,Nehemiah,2,12,Nehemiah 2:12,25,ܕܪܟܝܒ,,,,Peshitta,PESH
16,Nehemiah,2,12,Nehemiah 2:12,26,ܗ̇ܘܝܬ,,,,Peshitta,PESH
16,Nehemiah,2,12,Nehemiah 2:12,27,ܥܠܝܗ̇,,,,Peshitta,PESH
16,Nehemiah,2,13,Nehemiah 2:13,1,ܘܢ̇ܦܩܬ,,,,Peshitta,PESH
16,Nehemiah,2,13,Nehemiah 2:13,2,ܒܬܪܥܐ,,,,Peshitta,PESH
16,Nehemiah,2,13,Nehemiah 2:13,3,ܕܢܚܠܐ,,,,Peshitta,PESH
16,Nehemiah,2,13,Nehemiah 2:13,4,ܒܠܠܝܐ,,,,Peshitta,PESH
16,Nehemiah,2,13,Nehemiah 2:13,5,ܠܐ̈ܦܝ,,,,Peshitta,PESH
16,Nehemiah,2,13,Nehemiah 2:13,6,ܥܝܢ,,,,Peshitta,PESH
16,Nehemiah,2,13,Nehemiah 2:13,7,ܬܢܝܢ,,,,Peshitta,PESH
16,Nehemiah,2,13,Nehemiah 2:13,8,ܘܠܬܪܥܐ,,,,Peshitta,PESH
16,Nehemiah,2,13,Nehemiah 2:13,9,ܕܐܣܦܘܬ,,,,Peshitta,PESH
16,Nehemiah,2,13,Nehemiah 2:13,10,ܘܗ̇ܘܝܬ,,,,Peshitta,PESH
16,Nehemiah,2,13,Nehemiah 2:13,11,ܣ̇ܟܪ,,,,Peshitta,PESH
16,Nehemiah,2,13,Nehemiah 2:13,12,ܒܫܘܪ̈ܝܗ̇,,,,Peshitta,PESH
16,Nehemiah,2,13,Nehemiah 2:13,13,ܕܐܘܪܫܠܡ,,,,Peshitta,PESH
16,Nehemiah,2,13,Nehemiah 2:13,14,ܕܡܬܪܥܝܢ,,,,Peshitta,PESH
16,Nehemiah,2,13,Nehemiah 2:13,15,ܗܘܘ,,,,Peshitta,PESH
16,Nehemiah,2,13,Nehemiah 2:13,16,ܘܬܪ̈ܥܐ,,,,Peshitta,PESH
16,Nehemiah,2,13,Nehemiah 2:13,17,ܝܩܝܕܝܢ,,,,Peshitta,PESH
16,Nehemiah,2,13,Nehemiah 2:13,18,ܗܘܘ,,,,Peshitta,PESH
16,Nehemiah,2,13,Nehemiah 2:13,19,ܒܢܘܪܐ,,,,Peshitta,PESH
16,Nehemiah,2,14,Nehemiah 2:14,1,ܘܥ̇ܒܪܬ,,,,Peshitta,PESH
16,Nehemiah,2,14,Nehemiah 2:14,2,ܥܠ,,,,Peshitta,PESH
16,Nehemiah,2,14,Nehemiah 2:14,3,ܬܪܥܐ,,,,Peshitta,PESH
16,Nehemiah,2,14,Nehemiah 2:14,4,ܕܢܚܠܐ,,,,Peshitta,PESH
16,Nehemiah,2,14,Nehemiah 2:14,5,ܘܠܐܡܐ,,,,Peshitta,PESH
16,Nehemiah,2,14,Nehemiah 2:14,6,ܕܡܠܟܐ,,,,Peshitta,PESH
16,Nehemiah,2,14,Nehemiah 2:14,7,ܘܠܝܬ,,,,Peshitta,PESH
16,Nehemiah,2,14,Nehemiah 2:14,8,ܗܘܐ,,,,Peshitta,PESH
16,Nehemiah,2,14,Nehemiah 2:14,9,ܐܬܪܐ,,,,Peshitta,PESH
16,Nehemiah,2,14,Nehemiah 2:14,10,ܠܒܥܝܪܐ,,,,Peshitta,PESH
16,Nehemiah,2,14,Nehemiah 2:14,11,ܠܡܥܒܪ,,,,Peshitta,PESH
16,Nehemiah,2,14,Nehemiah 2:14,12,ܬܡܢ,,,,Peshitta,PESH
16,Nehemiah,2,15,Nehemiah 2:15,1,ܘܗ̇ܘܝܬ,,,,Peshitta,PESH
16,Nehemiah,2,15,Nehemiah 2:15,2,ܣ̇ܠܩ,,,,Peshitta,PESH
16,Nehemiah,2,15,Nehemiah 2:15,3,ܒܢܚܠܐ,,,,Peshitta,PESH
16,Nehemiah,2,15,Nehemiah 2:15,4,ܒܠܠܝܐ,,,,Peshitta,PESH
16,Nehemiah,2,15,Nehemiah 2:15,5,ܘܗ̇ܘܝܬ,,,,Peshitta,PESH
16,Nehemiah,2,15,Nehemiah 2:15,6,ܣ̇ܟܪ,,,,Peshitta,PESH
16,Nehemiah,2,15,Nehemiah 2:15,7,ܒܫܘܪܐ,,,,Peshitta,PESH
16,Nehemiah,2,15,Nehemiah 2:15,8,ܘܐ̇ܬܐ,,,,Peshitta,PESH
16,Nehemiah,2,15,Nehemiah 2:15,9,ܘܥ̇ܠܬ,,,,Peshitta,PESH
16,Nehemiah,2,15,Nehemiah 2:15,10,ܒܬܪܥ,,,,Peshitta,PESH
16,Nehemiah,2,15,Nehemiah 2:15,11,ܢܚܠܐ,,,,Peshitta,PESH
16,Nehemiah,2,15,Nehemiah 2:15,12,ܘܗ̇ܦܟܬ,,,,Peshitta,PESH
16,Nehemiah,2,16,Nehemiah 2:16,1,ܘܫ̈ܠܝܛܢܐ,,,,Peshitta,PESH
16,Nehemiah,2,16,Nehemiah 2:16,2,ܠܐ,,,,Peshitta,PESH
16,Nehemiah,2,16,Nehemiah 2:16,3,ܝܕܥܘ,,,,Peshitta,PESH
16,Nehemiah,2,16,Nehemiah 2:16,4,ܠܐܝܟܐ,,,,Peshitta,PESH
16,Nehemiah,2,16,Nehemiah 2:16,5,ܐ̇ܙܠܬ,,,,Peshitta,PESH
16,Nehemiah,2,16,Nehemiah 2:16,6,ܘܡܢܐ,,,,Peshitta,PESH
16,Nehemiah,2,16,Nehemiah 2:16,7,ܥ̇ܒܕ,,,,Peshitta,PESH
16,Nehemiah,2,16,Nehemiah 2:16,8,ܐܢܐ,,,,Peshitta,PESH
16,Nehemiah,2,16,Nehemiah 2:16,9,ܘܠܝܗ̈ܘܕܝܐ,,,,Peshitta,PESH
16,Nehemiah,2,16,Nehemiah 2:16,10,ܘܠܟܗ̈ܢܐ,,,,Peshitta,PESH
16,Nehemiah,2,16,Nehemiah 2:16,11,ܘܠܫ̈ܠܝܛܢܐ,,,,Peshitta,PESH
16,Nehemiah,2,16,Nehemiah 2:16,12,ܘܠܣ̇ܦܪ̈ܐ,,,,Peshitta,PESH
16,Nehemiah,2,16,Nehemiah 2:16,13,ܘܠܫܪܟܐ,,,,Peshitta,PESH
16,Nehemiah,2,16,Nehemiah 2:16,14,ܕܥܒ̈ܕܝ,,,,Peshitta,PESH
16,Nehemiah,2,16,Nehemiah 2:16,15,ܥܒ̈ܝܕܬܐ,,,,Peshitta,PESH
16,Nehemiah,2,16,Nehemiah 2:16,16,ܥܕܡܐ,,,,Peshitta,PESH
16,Nehemiah,2,16,Nehemiah 2:16,17,ܠܗܫܐ,,,,Peshitta,PESH
16,Nehemiah,2,16,Nehemiah 2:16,18,ܠܐ,,,,Peshitta,PESH
16,Nehemiah,2,16,Nehemiah 2:16,19,ܚ̇ܘܝܬ,,,,Peshitta,PESH
16,Nehemiah,2,17,Nehemiah 2:17,1,ܘܐ̇ܡܪܬ,,,,Peshitta,PESH
16,Nehemiah,2,17,Nehemiah 2:17,2,ܠܗܘܢ,,,,Peshitta,PESH
16,Nehemiah,2,17,Nehemiah 2:17,3,ܐܢܬܘܢ,,,,Peshitta,PESH
16,Nehemiah,2,17,Nehemiah 2:17,4,ܚܙܝܢ,,,,Peshitta,PESH
16,Nehemiah,2,17,Nehemiah 2:17,5,ܒܝܫ̈ܬܐ,,,,Peshitta,PESH
16,Nehemiah,2,17,Nehemiah 2:17,6,ܕܚܢܢ,,,,Peshitta,PESH
16,Nehemiah,2,17,Nehemiah 2:17,7,ܒܗ̇,,,,Peshitta,PESH
16,Nehemiah,2,17,Nehemiah 2:17,8,ܕܗܐ,,,,Peshitta,PESH
16,Nehemiah,2,17,Nehemiah 2:17,9,ܐܘܪܫܠܡ,,,,Peshitta,PESH
16,Nehemiah,2,17,Nehemiah 2:17,10,ܚܪܒܐ,,,,Peshitta,PESH
16,Nehemiah,2,17,Nehemiah 2:17,11,ܘܬܪ̈ܥܝܗ̇,,,,Peshitta,PESH
16,Nehemiah,2,17,Nehemiah 2:17,12,ܝܩܝܕܝܢ,,,,Peshitta,PESH
16,Nehemiah,2,17,Nehemiah 2:17,13,ܒܢܘܪܐ,,,,Peshitta,PESH
16,Nehemiah,2,17,Nehemiah 2:17,14,ܬܘ,,,,Peshitta,PESH
16,Nehemiah,2,17,Nehemiah 2:17,15,ܢܒܢܐ,,,,Peshitta,PESH
16,Nehemiah,2,17,Nehemiah 2:17,16,ܫܘܪܐ,,,,Peshitta,PESH
16,Nehemiah,2,17,Nehemiah 2:17,17,ܕܐܘܪܫܠܡ,,,,Peshitta,PESH
16,Nehemiah,2,17,Nehemiah 2:17,18,ܘܠܐ,,,,Peshitta,PESH
16,Nehemiah,2,17,Nehemiah 2:17,19,ܢܗܘܐ,,,,Peshitta,PESH
16,Nehemiah,2,17,Nehemiah 2:17,20,ܡܟܝܠ,,,,Peshitta,PESH
16,Nehemiah,2,17,Nehemiah 2:17,21,ܚܣܕܐ,,,,Peshitta,PESH
16,Nehemiah,2,18,Nehemiah 2:18,1,ܘܓ̇ܠܝܬ,,,,Peshitta,PESH
16,Nehemiah,2,18,Nehemiah 2:18,2,ܠܗܘܢ,,,,Peshitta,PESH
16,Nehemiah,2,18,Nehemiah 2:18,3,ܐܝܕܐ,,,,Peshitta,PESH
16,Nehemiah,2,18,Nehemiah 2:18,4,ܕܐܠܗܝ,,,,Peshitta,PESH
16,Nehemiah,2,18,Nehemiah 2:18,5,ܕܗܘܬ,,,,Peshitta,PESH
16,Nehemiah,2,18,Nehemiah 2:18,6,ܥܡܝ,,,,Peshitta,PESH
16,Nehemiah,2,18,Nehemiah 2:18,7,ܠܛܒ,,,,Peshitta,PESH
16,Nehemiah,2,18,Nehemiah 2:18,8,ܐܦ,,,,Peshitta,PESH
16,Nehemiah,2,18,Nehemiah 2:18,9,ܡ̈ܠܝ,,,,Peshitta,PESH
16,Nehemiah,2,18,Nehemiah 2:18,10,ܡ̇ܠܟܐ,,,,Peshitta,PESH
16,Nehemiah,2,18,Nehemiah 2:18,11,ܕܐܬܐܡܪ,,,,Peshitta,PESH
16,Nehemiah,2,18,Nehemiah 2:18,12,ܠܝ,,,,Peshitta,PESH
16,Nehemiah,2,18,Nehemiah 2:18,13,ܘܐܡܪܝܢ,,,,Peshitta,PESH
16,Nehemiah,2,18,Nehemiah 2:18,14,ܩܝܡܝܢܢ,,,,Peshitta,PESH
16,Nehemiah,2,18,Nehemiah 2:18,15,ܘܒܢܝܢ,,,,Peshitta,PESH
16,Nehemiah,2,18,Nehemiah 2:18,16,ܘܥܫܢܘ,,,,Peshitta,PESH
16,Nehemiah,2,18,Nehemiah 2:18,17,ܐܝܕ̈ܝܗܘܢ,,,,Peshitta,PESH
16,Nehemiah,2,18,Nehemiah 2:18,18,ܠܡܥܒܕ,,,,Peshitta,PESH
16,Nehemiah,2,18,Nehemiah 2:18,19,ܕܛܒ,,,,Peshitta,PESH
16,Nehemiah,2,19,Nehemiah 2:19,1,ܘܫ̣ܡܥ,,,,Peshitta,PESH
16,Nehemiah,2,19,Nehemiah 2:19,2,ܣܡܒܠܝܛ,,,,Peshitta,PESH
16,Nehemiah,2,19,Nehemiah 2:19,3,ܚܘܪܢܝܐ,,,,Peshitta,PESH
16,Nehemiah,2,19,Nehemiah 2:19,4,ܘܛܘܒܝܐ,,,,Peshitta,PESH
16,Nehemiah,2,19,Nehemiah 2:19,5,ܓܒܪܐ,,,,Peshitta,PESH
16,Nehemiah,2,19,Nehemiah 2:19,6,ܥܡܘܢܝܐ,,,,Peshitta,PESH
16,Nehemiah,2,19,Nehemiah 2:19,7,ܘܓܫܘܡ,,,,Peshitta,PESH
16,Nehemiah,2,19,Nehemiah 2:19,8,ܥܪܒܝܐ,,,,Peshitta,PESH
16,Nehemiah,2,19,Nehemiah 2:19,9,ܘܓܚܟܘ,,,,Peshitta,PESH
16,Nehemiah,2,19,Nehemiah 2:19,10,ܥܠܝܢ,,,,Peshitta,PESH
16,Nehemiah,2,19,Nehemiah 2:19,11,ܘܡܝܩܘ,,,,Peshitta,PESH
16,Nehemiah,2,19,Nehemiah 2:19,12,ܒܢ,,,,Peshitta,PESH
16,Nehemiah,2,19,Nehemiah 2:19,13,ܘܐܡܪܝܢ,,,,Peshitta,PESH
16,Nehemiah,2,19,Nehemiah 2:19,14,ܡܢܐ,,,,Peshitta,PESH
16,Nehemiah,2,19,Nehemiah 2:19,15,ܗܝ,,,,Peshitta,PESH
16,Nehemiah,2,19,Nehemiah 2:19,16,ܡܠܬܐ,,,,Peshitta,PESH
16,Nehemiah,2,19,Nehemiah 2:19,17,ܗܕܐ,,,,Peshitta,PESH
16,Nehemiah,2,19,Nehemiah 2:19,18,ܕܥܒܕܝܢ,,,,Peshitta,PESH
16,Nehemiah,2,19,Nehemiah 2:19,19,ܐܢܬܘܢ,,,,Peshitta,PESH
16,Nehemiah,2,19,Nehemiah 2:19,20,ܕܠܡܐ,,,,Peshitta,PESH
16,Nehemiah,2,19,Nehemiah 2:19,21,ܥܠ,,,,Peshitta,PESH
16,Nehemiah,2,19,Nehemiah 2:19,22,ܡܠܟܐ,,,,Peshitta,PESH
16,Nehemiah,2,19,Nehemiah 2:19,23,ܐܢܬܘܢ,,,,Peshitta,PESH
16,Nehemiah,2,19,Nehemiah 2:19,24,ܡܪܕܝܢ,,,,Peshitta,PESH
16,Nehemiah,2,20,Nehemiah 2:20,1,ܘܐ̇ܬܝܒܬ,,,,Peshitta,PESH
16,Nehemiah,2,20,Nehemiah 2:20,2,ܐܢܘܢ,,,,Peshitta,PESH
16,Nehemiah,2,20,Nehemiah 2:20,3,ܦܬܓܡܐ,,,,Peshitta,PESH
16,Nehemiah,2,20,Nehemiah 2:20,4,ܘܐ̇ܡܪܬ,,,,Peshitta,PESH
16,Nehemiah,2,20,Nehemiah 2:20,5,ܠܗܘܢ,,,,Peshitta,PESH
16,Nehemiah,2,20,Nehemiah 2:20,6,ܐܠܗܐ,,,,Peshitta,PESH
16,Nehemiah,2,20,Nehemiah 2:20,7,ܕܫܡܝܐ,,,,Peshitta,PESH
16,Nehemiah,2,20,Nehemiah 2:20,8,ܗ̣ܘ,,,,Peshitta,PESH
16,Nehemiah,2,20,Nehemiah 2:20,9,ܦܪܩܢ,,,,Peshitta,PESH
16,Nehemiah,2,20,Nehemiah 2:20,10,ܘܚܢܢ,,,,Peshitta,PESH
16,Nehemiah,2,20,Nehemiah 2:20,11,ܥܒܕܝܢ,,,,Peshitta,PESH
16,Nehemiah,2,20,Nehemiah 2:20,12,ܘܩܝܡܝܢ,,,,Peshitta,PESH
16,Nehemiah,2,20,Nehemiah 2:20,13,ܘܒܢܝܢ,,,,Peshitta,PESH
16,Nehemiah,2,20,Nehemiah 2:20,14,ܘܠܟܘܢ,,,,Peshitta,PESH
16,Nehemiah,2,20,Nehemiah 2:20,15,ܠܝܬ,,,,Peshitta,PESH
16,Nehemiah,2,20,Nehemiah 2:20,16,ܠܟܘܢ,,,,Peshitta,PESH
16,Nehemiah,2,20,Nehemiah 2:20,17,ܙܕܩܐ,,,,Peshitta,PESH
16,Nehemiah,2,20,Nehemiah 2:20,18,ܘܕܘܟܪܢܐ,,,,Peshitta,PESH
16,Nehemiah,2,20,Nehemiah 2:20,19,ܘܡܢܬܐ,,,,Peshitta,PESH
16,Nehemiah,2,20,Nehemiah 2:20,20,ܒܐܘܪܫܠܡ,,,,Peshitta,PESH
16,Nehemiah,3,1,Nehemiah 3:1,1,ܘܩܡ,,,,Peshitta,PESH
16,Nehemiah,3,1,Nehemiah 3:1,2,ܐܠܝܫܒ,,,,Peshitta,PESH
16,Nehemiah,3,1,Nehemiah 3:1,3,ܟܘܡܪܐ,,,,Peshitta,PESH
16,Nehemiah,3,1,Nehemiah 3:1,4,ܪܒܐ,,,,Peshitta,PESH
16,Nehemiah,3,1,Nehemiah 3:1,5,ܘܐܚ̈ܘܗܝ,,,,Peshitta,PESH
16,Nehemiah,3,1,Nehemiah 3:1,6,ܟܘܡܪ̈ܐ,,,,Peshitta,PESH
16,Nehemiah,3,1,Nehemiah 3:1,7,ܘܒܢ̈ܘܗܝ,,,,Peshitta,PESH
16,Nehemiah,3,1,Nehemiah 3:1,8,ܥܠ,,,,Peshitta,PESH
16,Nehemiah,3,1,Nehemiah 3:1,9,ܬܪܥܐ,,,,Peshitta,PESH
16,Nehemiah,3,1,Nehemiah 3:1,10,ܕܓ̈ܢܐ,,,,Peshitta,PESH
16,Nehemiah,3,1,Nehemiah 3:1,11,ܘܐܩܝܡܘ,,,,Peshitta,PESH
16,Nehemiah,3,1,Nehemiah 3:1,12,ܬܪ̈ܥܘܗܝ,,,,Peshitta,PESH
16,Nehemiah,3,1,Nehemiah 3:1,13,ܘܩܘܕ̈ܫܘܗܝ,,,,Peshitta,PESH
16,Nehemiah,3,1,Nehemiah 3:1,14,ܘܥܕܡܐ,,,,Peshitta,PESH
16,Nehemiah,3,1,Nehemiah 3:1,15,ܠܡܓܕܠ,,,,Peshitta,PESH
16,Nehemiah,3,1,Nehemiah 3:1,16,ܡܐܐ,,,,Peshitta,PESH
16,Nehemiah,3,1,Nehemiah 3:1,17,ܗܢܘܢ,,,,Peshitta,PESH
16,Nehemiah,3,1,Nehemiah 3:1,18,ܩܕܫܘܗܝ,,,,Peshitta,PESH
16,Nehemiah,3,1,Nehemiah 3:1,19,ܥܕܡܐ,,,,Peshitta,PESH
16,Nehemiah,3,1,Nehemiah 3:1,20,ܠܡܓܕܠܐ,,,,Peshitta,PESH
16,Nehemiah,3,1,Nehemiah 3:1,21,ܕܚܢܢܐܝܠ,,,,Peshitta,PESH
16,Nehemiah,3,2,Nehemiah 3:2,1,ܘܥܕܡܐ,,,,Peshitta,PESH
16,Nehemiah,3,2,Nehemiah 3:2,2,ܠܬܚܘܡܐ,,,,Peshitta,PESH
16,Nehemiah,3,2,Nehemiah 3:2,3,ܕܐܢܫܐ,,,,Peshitta,PESH
16,Nehemiah,3,2,Nehemiah 3:2,4,ܕܐܝܪܝܚܘ,,,,Peshitta,PESH
16,Nehemiah,3,2,Nehemiah 3:2,5,ܘܥܕܡܐ,,,,Peshitta,PESH
16,Nehemiah,3,2,Nehemiah 3:2,6,ܠܬܚܘܡܐ,,,,Peshitta,PESH
16,Nehemiah,3,2,Nehemiah 3:2,7,ܕܒܢ̈ܝ,,,,Peshitta,PESH
16,Nehemiah,3,2,Nehemiah 3:2,8,ܙܒܘܪ,,,,Peshitta,PESH
16,Nehemiah,3,2,Nehemiah 3:2,9,ܐܡܪܝ,,,,Peshitta,PESH
16,Nehemiah,3,3,Nehemiah 3:3,1,ܘܬܪܥܐ,,,,Peshitta,PESH
16,Nehemiah,3,3,Nehemiah 3:3,2,ܕܨܝ̈ܕܐ,,,,Peshitta,PESH
16,Nehemiah,3,3,Nehemiah 3:3,3,ܒܢܐܘܗܝ,,,,Peshitta,PESH
16,Nehemiah,3,3,Nehemiah 3:3,4,ܒܢ̈ܝ,,,,Peshitta,PESH
16,Nehemiah,3,3,Nehemiah 3:3,5,ܣܢܐܐ,,,,Peshitta,PESH
16,Nehemiah,3,3,Nehemiah 3:3,6,ܘܗܢܘܢ,,,,Peshitta,PESH
16,Nehemiah,3,3,Nehemiah 3:3,7,ܐܬܩܢܘܗܝ,,,,Peshitta,PESH
16,Nehemiah,3,3,Nehemiah 3:3,8,ܘܐܩܝܡܘ,,,,Peshitta,PESH
16,Nehemiah,3,3,Nehemiah 3:3,9,ܬܪ̈ܥܘܗܝ,,,,Peshitta,PESH
16,Nehemiah,3,3,Nehemiah 3:3,10,ܘܣܘܟܪ̈ܘܗܝ,,,,Peshitta,PESH
16,Nehemiah,3,3,Nehemiah 3:3,11,ܘܡܘ̈ܟܠܘܗܝ,,,,Peshitta,PESH
16,Nehemiah,3,4,Nehemiah 3:4,1,ܘܥܕܡܐ,,,,Peshitta,PESH
16,Nehemiah,3,4,Nehemiah 3:4,2,ܠܬܚܘܡܐ,,,,Peshitta,PESH
16,Nehemiah,3,4,Nehemiah 3:4,3,ܬ̇ܩܦ,,,,Peshitta,PESH
16,Nehemiah,3,4,Nehemiah 3:4,4,ܡܪܡܘܬ,,,,Peshitta,PESH
16,Nehemiah,3,4,Nehemiah 3:4,5,ܒܪ,,,,Peshitta,PESH
16,Nehemiah,3,4,Nehemiah 3:4,6,ܐܘܪܝܐ,,,,Peshitta,PESH
16,Nehemiah,3,4,Nehemiah 3:4,7,ܒܪ,,,,Peshitta,PESH
16,Nehemiah,3,4,Nehemiah 3:4,8,ܐܩܘܨ,,,,Peshitta,PESH
16,Nehemiah,3,4,Nehemiah 3:4,9,ܘܥܕܡܐ,,,,Peshitta,PESH
16,Nehemiah,3,4,Nehemiah 3:4,10,ܠܬܚܘܡܐ,,,,Peshitta,PESH
16,Nehemiah,3,4,Nehemiah 3:4,11,ܬܩܦ,,,,Peshitta,PESH
16,Nehemiah,3,4,Nehemiah 3:4,12,ܡܫܠܡ,,,,Peshitta,PESH
16,Nehemiah,3,4,Nehemiah 3:4,13,ܒܪܟܢܝܐ,,,,Peshitta,PESH
16,Nehemiah,3,4,Nehemiah 3:4,14,ܒܪ,,,,Peshitta,PESH
16,Nehemiah,3,4,Nehemiah 3:4,15,ܡܫܝܙܟܠ,,,,Peshitta,PESH
16,Nehemiah,3,4,Nehemiah 3:4,16,ܘܥܕܡܐ,,,,Peshitta,PESH
16,Nehemiah,3,4,Nehemiah 3:4,17,ܠܬܚܘܡܐ,,,,Peshitta,PESH
16,Nehemiah,3,4,Nehemiah 3:4,18,ܬܩܦ,,,,Peshitta,PESH
16,Nehemiah,3,4,Nehemiah 3:4,19,ܙܕܘܩ,,,,Peshitta,PESH
16,Nehemiah,3,4,Nehemiah 3:4,20,ܒܪ,,,,Peshitta,PESH
16,Nehemiah,3,4,Nehemiah 3:4,21,ܒܥܢܐ,,,,Peshitta,PESH
16,Nehemiah,3,5,Nehemiah 3:5,1,ܘܥܕܡܐ,,,,Peshitta,PESH
16,Nehemiah,3,5,Nehemiah 3:5,2,ܠܬܚܘܡܐ,,,,Peshitta,PESH
16,Nehemiah,3,5,Nehemiah 3:5,3,ܬ̇ܩܦܘ,,,,Peshitta,PESH
16,Nehemiah,3,5,Nehemiah 3:5,4,ܬܩܘ̈ܥܝܐ,,,,Peshitta,PESH
16,Nehemiah,3,5,Nehemiah 3:5,5,ܘܫܠܝܛܢ̈ܝܗܘܢ,,,,Peshitta,PESH
16,Nehemiah,3,5,Nehemiah 3:5,6,ܘܠܐ,,,,Peshitta,PESH
16,Nehemiah,3,5,Nehemiah 3:5,7,ܐܥܠܘ,,,,Peshitta,PESH
16,Nehemiah,3,5,Nehemiah 3:5,8,ܨܘܪܗܘܢ,,,,Peshitta,PESH
16,Nehemiah,3,5,Nehemiah 3:5,9,ܒܦܘܠܚܢܐ,,,,Peshitta,PESH
16,Nehemiah,3,5,Nehemiah 3:5,10,ܕܡܪ̈ܝܗܘܢ,,,,Peshitta,PESH
16,Nehemiah,3,6,Nehemiah 3:6,1,ܘܬܪܥܐ,,,,Peshitta,PESH
16,Nehemiah,3,6,Nehemiah 3:6,2,ܕܬܪܝܢ,,,,Peshitta,PESH
16,Nehemiah,3,6,Nehemiah 3:6,3,ܬ̇ܩܦ,,,,Peshitta,PESH
16,Nehemiah,3,6,Nehemiah 3:6,4,ܝܘܝܕܥ,,,,Peshitta,PESH
16,Nehemiah,3,6,Nehemiah 3:6,5,ܒܪ,,,,Peshitta,PESH
16,Nehemiah,3,6,Nehemiah 3:6,6,ܦܨܚ,,,,Peshitta,PESH
16,Nehemiah,3,6,Nehemiah 3:6,7,ܘܡܫܠܡ,,,,Peshitta,PESH
16,Nehemiah,3,6,Nehemiah 3:6,8,ܒܪ,,,,Peshitta,PESH
16,Nehemiah,3,6,Nehemiah 3:6,9,ܒܣܪܝܐ,,,,Peshitta,PESH
16,Nehemiah,3,6,Nehemiah 3:6,10,ܘܗܢܘܢ,,,,Peshitta,PESH
16,Nehemiah,3,6,Nehemiah 3:6,11,ܐܬܩܢܘܗܝ,,,,Peshitta,PESH
16,Nehemiah,3,6,Nehemiah 3:6,12,ܘܐܩܝܡܘ,,,,Peshitta,PESH
16,Nehemiah,3,6,Nehemiah 3:6,13,ܬܪ̈ܥܘܗܝ,,,,Peshitta,PESH
16,Nehemiah,3,6,Nehemiah 3:6,14,ܘܣܘܟܪ̈ܘܗܝ,,,,Peshitta,PESH
16,Nehemiah,3,6,Nehemiah 3:6,15,ܘܡܘ̈ܟܠܘܗܝ,,,,Peshitta,PESH
16,Nehemiah,3,7,Nehemiah 3:7,1,ܘܥܕܡܐ,,,,Peshitta,PESH
16,Nehemiah,3,7,Nehemiah 3:7,2,ܠܬܚܘܡܐ,,,,Peshitta,PESH
16,Nehemiah,3,7,Nehemiah 3:7,3,ܬ̇ܩܦ,,,,Peshitta,PESH
16,Nehemiah,3,7,Nehemiah 3:7,4,ܡܠܛܝܐ,,,,Peshitta,PESH
16,Nehemiah,3,7,Nehemiah 3:7,5,ܓܒܥܘܢܝܐ,,,,Peshitta,PESH
16,Nehemiah,3,7,Nehemiah 3:7,6,ܘܢܕܘܢ,,,,Peshitta,PESH
16,Nehemiah,3,7,Nehemiah 3:7,7,ܡܪܬܝܐ,,,,Peshitta,PESH
16,Nehemiah,3,7,Nehemiah 3:7,8,ܐܢܫܐ,,,,Peshitta,PESH
16,Nehemiah,3,7,Nehemiah 3:7,9,ܕܓܒܥܘܢ,,,,Peshitta,PESH
16,Nehemiah,3,7,Nehemiah 3:7,10,ܘܕܡܨܦܝܐ,,,,Peshitta,PESH
16,Nehemiah,3,7,Nehemiah 3:7,11,ܥܒܕܘ,,,,Peshitta,PESH
16,Nehemiah,3,7,Nehemiah 3:7,12,ܟܘܪܣܝܐ,,,,Peshitta,PESH
16,Nehemiah,3,7,Nehemiah 3:7,13,ܠܫܠܝܛ,,,,Peshitta,PESH
16,Nehemiah,3,7,Nehemiah 3:7,14,ܥܒܪ,,,,Peshitta,PESH
16,Nehemiah,3,7,Nehemiah 3:7,15,ܢܗܪܐ,,,,Peshitta,PESH
16,Nehemiah,3,8,Nehemiah 3:8,1,ܘܬܚܘܡܐ,,,,Peshitta,PESH
16,Nehemiah,3,8,Nehemiah 3:8,2,ܬ̇ܩܦ,,,,Peshitta,PESH
16,Nehemiah,3,8,Nehemiah 3:8,3,ܥܙܐܝܠ,,,,Peshitta,PESH
16,Nehemiah,3,8,Nehemiah 3:8,4,ܒܪ,,,,Peshitta,PESH
16,Nehemiah,3,8,Nehemiah 3:8,5,ܚܕܝܐ,,,,Peshitta,PESH
16,Nehemiah,3,8,Nehemiah 3:8,6,ܒܪ,,,,Peshitta,PESH
16,Nehemiah,3,8,Nehemiah 3:8,7,ܨܪܦܝܐ,,,,Peshitta,PESH
16,Nehemiah,3,8,Nehemiah 3:8,8,ܘܬܚܘܡܐ,,,,Peshitta,PESH
16,Nehemiah,3,8,Nehemiah 3:8,9,ܬܩܦ,,,,Peshitta,PESH
16,Nehemiah,3,8,Nehemiah 3:8,10,ܚܢܢܝܐ,,,,Peshitta,PESH
16,Nehemiah,3,8,Nehemiah 3:8,11,ܒܪ,,,,Peshitta,PESH
16,Nehemiah,3,8,Nehemiah 3:8,12,ܩܕܚܝܐ,,,,Peshitta,PESH
16,Nehemiah,3,8,Nehemiah 3:8,13,ܘܫܒܩܘ,,,,Peshitta,PESH
16,Nehemiah,3,8,Nehemiah 3:8,14,ܐܘܪܫܠܡ,,,,Peshitta,PESH
16,Nehemiah,3,8,Nehemiah 3:8,15,ܟܕ,,,,Peshitta,PESH
16,Nehemiah,3,8,Nehemiah 3:8,16,ܫܘܪܗ̇,,,,Peshitta,PESH
16,Nehemiah,3,8,Nehemiah 3:8,17,ܐܪܘܝܚ,,,,Peshitta,PESH
16,Nehemiah,3,9,Nehemiah 3:9,1,ܘܬܚܘܡܐ,,,,Peshitta,PESH
16,Nehemiah,3,9,Nehemiah 3:9,2,ܬ̇ܩܦ,,,,Peshitta,PESH
16,Nehemiah,3,9,Nehemiah 3:9,3,ܐܪܡܝܐ,,,,Peshitta,PESH
16,Nehemiah,3,9,Nehemiah 3:9,4,ܒܪ,,,,Peshitta,PESH
16,Nehemiah,3,9,Nehemiah 3:9,5,ܚܘܪ,,,,Peshitta,PESH
16,Nehemiah,3,9,Nehemiah 3:9,6,ܫܠܝܛܐ,,,,Peshitta,PESH
16,Nehemiah,3,9,Nehemiah 3:9,7,ܕܐܘܪܫܠܡ,,,,Peshitta,PESH
16,Nehemiah,3,10,Nehemiah 3:10,1,ܘܬܚܘܡܐ,,,,Peshitta,PESH
16,Nehemiah,3,10,Nehemiah 3:10,2,ܬ̇ܩܦ,,,,Peshitta,PESH
16,Nehemiah,3,10,Nehemiah 3:10,3,ܚܕܝܐ,,,,Peshitta,PESH
16,Nehemiah,3,10,Nehemiah 3:10,4,ܒܪ,,,,Peshitta,PESH
16,Nehemiah,3,10,Nehemiah 3:10,5,ܚܕܘܡܦܝ,,,,Peshitta,PESH
16,Nehemiah,3,10,Nehemiah 3:10,6,ܘܪܒܐ,,,,Peshitta,PESH
16,Nehemiah,3,10,Nehemiah 3:10,7,ܕܒܝܬܗ,,,,Peshitta,PESH
16,Nehemiah,3,10,Nehemiah 3:10,8,ܘܬܚܘܡܐ,,,,Peshitta,PESH
16,Nehemiah,3,10,Nehemiah 3:10,9,ܬ̇ܩܦ,,,,Peshitta,PESH
16,Nehemiah,3,10,Nehemiah 3:10,10,ܚܛܘܫ,,,,Peshitta,PESH
16,Nehemiah,3,10,Nehemiah 3:10,11,ܒܪ,,,,Peshitta,PESH
16,Nehemiah,3,10,Nehemiah 3:10,12,ܚܫܒܢܝܐ,,,,Peshitta,PESH
16,Nehemiah,3,11,Nehemiah 3:11,1,ܘܡܫܘܚܬܐ,,,,Peshitta,PESH
16,Nehemiah,3,11,Nehemiah 3:11,2,ܕܬܪ̈ܬܝܢ,,,,Peshitta,PESH
16,Nehemiah,3,11,Nehemiah 3:11,3,ܬ̇ܩܦ,,,,Peshitta,PESH
16,Nehemiah,3,11,Nehemiah 3:11,4,ܡܠܟܝܐ,,,,Peshitta,PESH
16,Nehemiah,3,11,Nehemiah 3:11,5,ܒܪ,,,,Peshitta,PESH
16,Nehemiah,3,11,Nehemiah 3:11,6,ܚܪܡ,,,,Peshitta,PESH
16,Nehemiah,3,11,Nehemiah 3:11,7,ܘܚܫܘܡ,,,,Peshitta,PESH
16,Nehemiah,3,11,Nehemiah 3:11,8,ܒܪ,,,,Peshitta,PESH
16,Nehemiah,3,11,Nehemiah 3:11,9,ܪܒܐ,,,,Peshitta,PESH
16,Nehemiah,3,11,Nehemiah 3:11,10,ܕܡܘܐܒ,,,,Peshitta,PESH
16,Nehemiah,3,11,Nehemiah 3:11,11,ܘܡܓܕܠܐ,,,,Peshitta,PESH
16,Nehemiah,3,11,Nehemiah 3:11,12,ܕܐܫܬܚܪ,,,,Peshitta,PESH
16,Nehemiah,3,12,Nehemiah 3:12,1,ܘܥܕܡܐ,,,,Peshitta,PESH
16,Nehemiah,3,12,Nehemiah 3:12,2,ܠܬܚܘܡܐ,,,,Peshitta,PESH
16,Nehemiah,3,12,Nehemiah 3:12,3,ܬ̇ܩܦ,,,,Peshitta,PESH
16,Nehemiah,3,12,Nehemiah 3:12,4,ܫܠܘܡ,,,,Peshitta,PESH
16,Nehemiah,3,12,Nehemiah 3:12,5,ܒܪ,,,,Peshitta,PESH
16,Nehemiah,3,12,Nehemiah 3:12,6,ܚܠܘܫ,,,,Peshitta,PESH
16,Nehemiah,3,12,Nehemiah 3:12,7,ܫܠܝܛܐ,,,,Peshitta,PESH
16,Nehemiah,3,12,Nehemiah 3:12,8,ܕܐܘܪܫܠܡ,,,,Peshitta,PESH
16,Nehemiah,3,12,Nehemiah 3:12,9,ܗܘ,,,,Peshitta,PESH
16,Nehemiah,3,12,Nehemiah 3:12,10,ܘܒܢ̈ܘܗܝ,,,,Peshitta,PESH
16,Nehemiah,3,13,Nehemiah 3:13,1,ܘܬܪܥܐ,,,,Peshitta,PESH
16,Nehemiah,3,13,Nehemiah 3:13,2,ܕܦܩܥܬܐ,,,,Peshitta,PESH
16,Nehemiah,3,13,Nehemiah 3:13,3,ܬ̇ܩܦ,,,,Peshitta,PESH
16,Nehemiah,3,13,Nehemiah 3:13,4,ܚܢܘܢ,,,,Peshitta,PESH
16,Nehemiah,3,13,Nehemiah 3:13,5,ܥܡܘܪܐ,,,,Peshitta,PESH
16,Nehemiah,3,13,Nehemiah 3:13,6,ܕܙܝܘܚ,,,,Peshitta,PESH
16,Nehemiah,3,13,Nehemiah 3:13,7,ܗܢܘܢ,,,,Peshitta,PESH
16,Nehemiah,3,13,Nehemiah 3:13,8,ܒܢܐܘܗܝ,,,,Peshitta,PESH
16,Nehemiah,3,13,Nehemiah 3:13,9,ܘܐܩܝܡܘ,,,,Peshitta,PESH
16,Nehemiah,3,13,Nehemiah 3:13,10,ܬܪ̈ܥܘܗܝ,,,,Peshitta,PESH
16,Nehemiah,3,13,Nehemiah 3:13,11,ܘܣܘܟܪ̈ܘܗܝ,,,,Peshitta,PESH
16,Nehemiah,3,13,Nehemiah 3:13,12,ܘܡܘ̈ܟܠܘܗܝ,,,,Peshitta,PESH
16,Nehemiah,3,13,Nehemiah 3:13,13,ܘܐܠܦ,,,,Peshitta,PESH
16,Nehemiah,3,13,Nehemiah 3:13,14,ܐܡ̈ܝܢ,,,,Peshitta,PESH
16,Nehemiah,3,13,Nehemiah 3:13,15,ܗ̇ܘܐ,,,,Peshitta,PESH
16,Nehemiah,3,13,Nehemiah 3:13,16,ܒܫܘܪܐ,,,,Peshitta,PESH
16,Nehemiah,3,13,Nehemiah 3:13,17,ܥܕܡܐ,,,,Peshitta,PESH
16,Nehemiah,3,13,Nehemiah 3:13,18,ܠܬܪܥܐ,,,,Peshitta,PESH
16,Nehemiah,3,13,Nehemiah 3:13,19,ܕܐܣܦܘܬ,,,,Peshitta,PESH
16,Nehemiah,3,14,Nehemiah 3:14,1,ܘܬܪܥܐ,,,,Peshitta,PESH
16,Nehemiah,3,14,Nehemiah 3:14,2,ܕܐܣܦܘܬ,,,,Peshitta,PESH
16,Nehemiah,3,14,Nehemiah 3:14,3,ܬ̇ܩܦ,,,,Peshitta,PESH
16,Nehemiah,3,14,Nehemiah 3:14,4,ܡܠܟܝܐ,,,,Peshitta,PESH
16,Nehemiah,3,14,Nehemiah 3:14,5,ܒܪ,,,,Peshitta,PESH
16,Nehemiah,3,14,Nehemiah 3:14,6,ܪܟܒ,,,,Peshitta,PESH
16,Nehemiah,3,14,Nehemiah 3:14,7,ܫܠܝܛܐ,,,,Peshitta,PESH
16,Nehemiah,3,14,Nehemiah 3:14,8,ܕܒܝܬ,,,,Peshitta,PESH
16,Nehemiah,3,14,Nehemiah 3:14,9,ܟܪ̈ܡܐ,,,,Peshitta,PESH
16,Nehemiah,3,14,Nehemiah 3:14,10,ܗܢܘܢ,,,,Peshitta,PESH
16,Nehemiah,3,14,Nehemiah 3:14,11,ܒܢܐܘܗܝ,,,,Peshitta,PESH
16,Nehemiah,3,14,Nehemiah 3:14,12,ܘܐܩܝܡܘ,,,,Peshitta,PESH
16,Nehemiah,3,14,Nehemiah 3:14,13,ܬܪ̈ܥܘܗܝ,,,,Peshitta,PESH
16,Nehemiah,3,14,Nehemiah 3:14,14,ܘܣܘܟܪ̈ܘܗܝ,,,,Peshitta,PESH
16,Nehemiah,3,14,Nehemiah 3:14,15,ܘܡܘ̈ܟܠܘܗܝ,,,,Peshitta,PESH
16,Nehemiah,3,15,Nehemiah 3:15,1,ܘܬܪܥܐ,,,,Peshitta,PESH
16,Nehemiah,3,15,Nehemiah 3:15,2,ܕܥܝܢܐ,,,,Peshitta,PESH
16,Nehemiah,3,15,Nehemiah 3:15,3,ܬ̇ܩܦ,,,,Peshitta,PESH
16,Nehemiah,3,15,Nehemiah 3:15,4,ܫܠܘܡ,,,,Peshitta,PESH
16,Nehemiah,3,15,Nehemiah 3:15,5,ܒܪ,,,,Peshitta,PESH
16,Nehemiah,3,15,Nehemiah 3:15,6,ܚ̣ܙܐ,,,,Peshitta,PESH
16,Nehemiah,3,15,Nehemiah 3:15,7,ܫܠܝܛܐ,,,,Peshitta,PESH
16,Nehemiah,3,15,Nehemiah 3:15,8,ܕܡܨܦܝܐ,,,,Peshitta,PESH
16,Nehemiah,3,15,Nehemiah 3:15,9,ܗܢܘܢ,,,,Peshitta,PESH
16,Nehemiah,3,15,Nehemiah 3:15,10,ܒܢܐܘܗܝ,,,,Peshitta,PESH
16,Nehemiah,3,15,Nehemiah 3:15,11,ܘܛܠܠܘܗܝ,,,,Peshitta,PESH
16,Nehemiah,3,15,Nehemiah 3:15,12,ܘܐܩܝܡܘ,,,,Peshitta,PESH
16,Nehemiah,3,15,Nehemiah 3:15,13,ܬܪ̈ܥܘܗܝ,,,,Peshitta,PESH
16,Nehemiah,3,15,Nehemiah 3:15,14,ܘܣܘܟܪ̈ܘܗܝ,,,,Peshitta,PESH
16,Nehemiah,3,15,Nehemiah 3:15,15,ܘܡܘ̈ܟܠܘܗܝ,,,,Peshitta,PESH
16,Nehemiah,3,15,Nehemiah 3:15,16,ܘܫܘܪܐ,,,,Peshitta,PESH
16,Nehemiah,3,15,Nehemiah 3:15,17,ܕܦܣܩܝܢ,,,,Peshitta,PESH
16,Nehemiah,3,15,Nehemiah 3:15,18,ܕܡܦܩܐ,,,,Peshitta,PESH
16,Nehemiah,3,15,Nehemiah 3:15,19,ܡܝ̈ܐ,,,,Peshitta,PESH
16,Nehemiah,3,15,Nehemiah 3:15,20,ܠܓܢܬ,,,,Peshitta,PESH
16,Nehemiah,3,15,Nehemiah 3:15,21,ܡܠܟܐ,,,,Peshitta,PESH
16,Nehemiah,3,15,Nehemiah 3:15,22,ܘܥܕܡܐ,,,,Peshitta,PESH
16,Nehemiah,3,15,Nehemiah 3:15,23,ܠܡܣܩܬܐ,,,,Peshitta,PESH
16,Nehemiah,3,15,Nehemiah 3:15,24,ܕܢܚܬܐ,,,,Peshitta,PESH
16,Nehemiah,3,15,Nehemiah 3:15,25,ܡܢ,,,,Peshitta,PESH
16,Nehemiah,3,15,Nehemiah 3:15,26,ܩܪܝܬܗ,,,,Peshitta,PESH
16,Nehemiah,3,15,Nehemiah 3:15,27,ܕܕܘܝܕ,,,,Peshitta,PESH
16,Nehemiah,3,16,Nehemiah 3:16,1,ܒܬܪܗ,,,,Peshitta,PESH
16,Nehemiah,3,16,Nehemiah 3:16,2,ܬ̇ܩܦ,,,,Peshitta,PESH
16,Nehemiah,3,16,Nehemiah 3:16,3,ܢܚܡܝܐ,,,,Peshitta,PESH
16,Nehemiah,3,16,Nehemiah 3:16,4,ܒܪ,,,,Peshitta,PESH
16,Nehemiah,3,16,Nehemiah 3:16,5,ܚܙܒܘܩ,,,,Peshitta,PESH
16,Nehemiah,3,16,Nehemiah 3:16,6,ܫܠܝܛܐ,,,,Peshitta,PESH
16,Nehemiah,3,16,Nehemiah 3:16,7,ܕܒܝܬ,,,,Peshitta,PESH
16,Nehemiah,3,16,Nehemiah 3:16,8,ܨܘܪ,,,,Peshitta,PESH
16,Nehemiah,3,16,Nehemiah 3:16,9,ܥܕܡܐ,,,,Peshitta,PESH
16,Nehemiah,3,16,Nehemiah 3:16,10,ܠܫܒܝܠܐ,,,,Peshitta,PESH
16,Nehemiah,3,16,Nehemiah 3:16,11,ܕܩܒܪܗ,,,,Peshitta,PESH
16,Nehemiah,3,16,Nehemiah 3:16,12,ܕܕܘܝܕ,,,,Peshitta,PESH
16,Nehemiah,3,16,Nehemiah 3:16,13,ܘܥܕܡܐ,,,,Peshitta,PESH
16,Nehemiah,3,16,Nehemiah 3:16,14,ܠܦܣܩܝܢ,,,,Peshitta,PESH
16,Nehemiah,3,16,Nehemiah 3:16,15,ܕܥܒܝܕܐ,,,,Peshitta,PESH
16,Nehemiah,3,16,Nehemiah 3:16,16,ܘܥܕܡܐ,,,,Peshitta,PESH
16,Nehemiah,3,16,Nehemiah 3:16,17,ܠܒܝܬ,,,,Peshitta,PESH
16,Nehemiah,3,16,Nehemiah 3:16,18,ܓܢܒܪ̈ܐ,,,,Peshitta,PESH
16,Nehemiah,3,17,Nehemiah 3:17,1,ܒܬܪܗ,,,,Peshitta,PESH
16,Nehemiah,3,17,Nehemiah 3:17,2,ܥ̣ܫܢ,,,,Peshitta,PESH
16,Nehemiah,3,17,Nehemiah 3:17,3,ܠܘܝܐ,,,,Peshitta,PESH
16,Nehemiah,3,17,Nehemiah 3:17,4,ܪܚܘܡ,,,,Peshitta,PESH
16,Nehemiah,3,17,Nehemiah 3:17,5,ܒܪ,,,,Peshitta,PESH
16,Nehemiah,3,17,Nehemiah 3:17,6,ܒ̇ܢܝ,,,,Peshitta,PESH
16,Nehemiah,3,17,Nehemiah 3:17,7,ܥܕܡܐ,,,,Peshitta,PESH
16,Nehemiah,3,17,Nehemiah 3:17,8,ܠܬܚܘܡܐ,,,,Peshitta,PESH
16,Nehemiah,3,17,Nehemiah 3:17,9,ܕܚܫܒܝܐ,,,,Peshitta,PESH
16,Nehemiah,3,17,Nehemiah 3:17,10,ܫܠܝܛܐ,,,,Peshitta,PESH
16,Nehemiah,3,17,Nehemiah 3:17,11,ܕܡܥܠܢܐ,,,,Peshitta,PESH
16,Nehemiah,3,18,Nehemiah 3:18,1,ܒܬܪܗ,,,,Peshitta,PESH
16,Nehemiah,3,18,Nehemiah 3:18,2,ܥܫܢܘ,,,,Peshitta,PESH
16,Nehemiah,3,18,Nehemiah 3:18,3,ܐܚܝ̈ܗܘܢ,,,,Peshitta,PESH
16,Nehemiah,3,18,Nehemiah 3:18,4,ܒܘܙܝ,,,,Peshitta,PESH
16,Nehemiah,3,18,Nehemiah 3:18,5,ܒܪ,,,,Peshitta,PESH
16,Nehemiah,3,18,Nehemiah 3:18,6,ܚܕܪ,,,,Peshitta,PESH
16,Nehemiah,3,18,Nehemiah 3:18,7,ܫܠܝܛܐ,,,,Peshitta,PESH
16,Nehemiah,3,18,Nehemiah 3:18,8,ܕܩܥܝܠܐ,,,,Peshitta,PESH
16,Nehemiah,3,19,Nehemiah 3:19,1,ܘܥ̣ܫܢ,,,,Peshitta,PESH
16,Nehemiah,3,19,Nehemiah 3:19,2,ܥܕܡܐ,,,,Peshitta,PESH
16,Nehemiah,3,19,Nehemiah 3:19,3,ܠܬܚܘܡܐ,,,,Peshitta,PESH
16,Nehemiah,3,19,Nehemiah 3:19,4,ܕܥܙܪ,,,,Peshitta,PESH
16,Nehemiah,3,19,Nehemiah 3:19,5,ܒܪ,,,,Peshitta,PESH
16,Nehemiah,3,19,Nehemiah 3:19,6,ܝܫܘܥ,,,,Peshitta,PESH
16,Nehemiah,3,19,Nehemiah 3:19,7,ܫܠܝܛܐ,,,,Peshitta,PESH
16,Nehemiah,3,19,Nehemiah 3:19,8,ܕܡܨܦܝܐ,,,,Peshitta,PESH
16,Nehemiah,3,19,Nehemiah 3:19,9,ܡܫܘܚܬܐ,,,,Peshitta,PESH
16,Nehemiah,3,19,Nehemiah 3:19,10,ܕܬܪ̈ܬܝܢ,,,,Peshitta,PESH
16,Nehemiah,3,19,Nehemiah 3:19,11,ܡܢ,,,,Peshitta,PESH
16,Nehemiah,3,19,Nehemiah 3:19,12,ܠܘܩܒܠ,,,,Peshitta,PESH
16,Nehemiah,3,19,Nehemiah 3:19,13,ܡܣܩܬܐ,,,,Peshitta,PESH
16,Nehemiah,3,19,Nehemiah 3:19,14,ܕܐܙܠܐ,,,,Peshitta,PESH
16,Nehemiah,3,19,Nehemiah 3:19,15,ܠܩܡܨܘܥ,,,,Peshitta,PESH
16,Nehemiah,3,20,Nehemiah 3:20,1,ܘܡܢ,,,,Peshitta,PESH
16,Nehemiah,3,20,Nehemiah 3:20,2,ܒܬܪܗ,,,,Peshitta,PESH
16,Nehemiah,3,20,Nehemiah 3:20,3,ܐ̣ܚܕ,,,,Peshitta,PESH
16,Nehemiah,3,20,Nehemiah 3:20,4,ܘܥ̣ܫܢ,,,,Peshitta,PESH
16,Nehemiah,3,20,Nehemiah 3:20,5,ܒܪܘܟ,,,,Peshitta,PESH
16,Nehemiah,3,20,Nehemiah 3:20,6,ܒܪ,,,,Peshitta,PESH
16,Nehemiah,3,20,Nehemiah 3:20,7,ܙܟܝ,,,,Peshitta,PESH
16,Nehemiah,3,20,Nehemiah 3:20,8,ܡܫܘܚܬܐ,,,,Peshitta,PESH
16,Nehemiah,3,20,Nehemiah 3:20,9,ܕܬܪ̈ܬܝܢ,,,,Peshitta,PESH
16,Nehemiah,3,20,Nehemiah 3:20,10,ܥܕܡܐ,,,,Peshitta,PESH
16,Nehemiah,3,20,Nehemiah 3:20,11,ܠܩܡܨܘܥ,,,,Peshitta,PESH
16,Nehemiah,3,20,Nehemiah 3:20,12,ܘܥܕܡܐ,,,,Peshitta,PESH
16,Nehemiah,3,20,Nehemiah 3:20,13,ܠܬܪܥܐ,,,,Peshitta,PESH
16,Nehemiah,3,20,Nehemiah 3:20,14,ܕܒܝܬ,,,,Peshitta,PESH
16,Nehemiah,3,20,Nehemiah 3:20,15,ܐܠܝܫܒ,,,,Peshitta,PESH
16,Nehemiah,3,20,Nehemiah 3:20,16,ܟܗܢܐ,,,,Peshitta,PESH
16,Nehemiah,3,20,Nehemiah 3:20,17,ܪܒܐ,,,,Peshitta,PESH
16,Nehemiah,3,21,Nehemiah 3:21,1,ܒܬܪܗ,,,,Peshitta,PESH
16,Nehemiah,3,21,Nehemiah 3:21,2,ܥܫܢ,,,,Peshitta,PESH
16,Nehemiah,3,21,Nehemiah 3:21,3,ܡܪܡܘܬ,,,,Peshitta,PESH
16,Nehemiah,3,21,Nehemiah 3:21,4,ܒܪ,,,,Peshitta,PESH
16,Nehemiah,3,21,Nehemiah 3:21,5,ܐܘܪܝܐ,,,,Peshitta,PESH
16,Nehemiah,3,21,Nehemiah 3:21,6,ܡܢ,,,,Peshitta,PESH
16,Nehemiah,3,21,Nehemiah 3:21,7,ܐܩܘܨ,,,,Peshitta,PESH
16,Nehemiah,3,21,Nehemiah 3:21,8,ܡܫܘܚܬܐ,,,,Peshitta,PESH
16,Nehemiah,3,21,Nehemiah 3:21,9,ܕܬܪ̈ܬܝܢ,,,,Peshitta,PESH
16,Nehemiah,3,21,Nehemiah 3:21,10,ܡܢ,,,,Peshitta,PESH
16,Nehemiah,3,21,Nehemiah 3:21,11,ܬܪܥܐ,,,,Peshitta,PESH
16,Nehemiah,3,21,Nehemiah 3:21,12,ܕܒܝܬ,,,,Peshitta,PESH
16,Nehemiah,3,21,Nehemiah 3:21,13,ܐܠܝܫܒ,,,,Peshitta,PESH
16,Nehemiah,3,21,Nehemiah 3:21,14,ܘܥܕܡܐ,,,,Peshitta,PESH
16,Nehemiah,3,21,Nehemiah 3:21,15,ܠܣܘܦܐ,,,,Peshitta,PESH
16,Nehemiah,3,21,Nehemiah 3:21,16,ܕܒܝܬ,,,,Peshitta,PESH
16,Nehemiah,3,21,Nehemiah 3:21,17,ܐܠܝܫܒ,,,,Peshitta,PESH
16,Nehemiah,3,22,Nehemiah 3:22,1,ܒܬܪܗ,,,,Peshitta,PESH
16,Nehemiah,3,22,Nehemiah 3:22,2,ܥܫܢܘ,,,,Peshitta,PESH
16,Nehemiah,3,22,Nehemiah 3:22,3,ܟܗ̈ܢܐ,,,,Peshitta,PESH
16,Nehemiah,3,22,Nehemiah 3:22,4,ܐܢܫܐ,,,,Peshitta,PESH
16,Nehemiah,3,22,Nehemiah 3:22,5,ܕܦܩܥܬܐ,,,,Peshitta,PESH
16,Nehemiah,3,23,Nehemiah 3:23,1,ܒܬܪܗ,,,,Peshitta,PESH
16,Nehemiah,3,23,Nehemiah 3:23,2,ܐܥܫܢ,,,,Peshitta,PESH
16,Nehemiah,3,23,Nehemiah 3:23,3,ܒܢܝܡܝܢ,,,,Peshitta,PESH
16,Nehemiah,3,23,Nehemiah 3:23,4,ܘܚܫܘܒ,,,,Peshitta,PESH
16,Nehemiah,3,23,Nehemiah 3:23,5,ܪܒܐ,,,,Peshitta,PESH
16,Nehemiah,3,23,Nehemiah 3:23,6,ܕܒܝܬܗ,,,,Peshitta,PESH
16,Nehemiah,3,23,Nehemiah 3:23,7,ܒܬܪܗ,,,,Peshitta,PESH
16,Nehemiah,3,23,Nehemiah 3:23,8,ܐܥܫܢ,,,,Peshitta,PESH
16,Nehemiah,3,23,Nehemiah 3:23,9,ܥܙܪܝܐ,,,,Peshitta,PESH
16,Nehemiah,3,23,Nehemiah 3:23,10,ܒܪ,,,,Peshitta,PESH
16,Nehemiah,3,23,Nehemiah 3:23,11,ܡܥܣܝܐ,,,,Peshitta,PESH
16,Nehemiah,3,23,Nehemiah 3:23,12,ܒܪ,,,,Peshitta,PESH
16,Nehemiah,3,23,Nehemiah 3:23,13,ܥܢܢܝܐ,,,,Peshitta,PESH
16,Nehemiah,3,23,Nehemiah 3:23,14,ܒܣܬܪ,,,,Peshitta,PESH
16,Nehemiah,3,23,Nehemiah 3:23,15,ܒܝܬܗ,,,,Peshitta,PESH
16,Nehemiah,3,24,Nehemiah 3:24,1,ܒܬܪܗ,,,,Peshitta,PESH
16,Nehemiah,3,24,Nehemiah 3:24,2,ܐܥܫܢ,,,,Peshitta,PESH
16,Nehemiah,3,24,Nehemiah 3:24,3,ܒܙܘܝ,,,,Peshitta,PESH
16,Nehemiah,3,24,Nehemiah 3:24,4,ܒܪ,,,,Peshitta,PESH
16,Nehemiah,3,24,Nehemiah 3:24,5,ܚܝܕܪ,,,,Peshitta,PESH
16,Nehemiah,3,24,Nehemiah 3:24,6,ܡܫܘܚܬܐ,,,,Peshitta,PESH
16,Nehemiah,3,24,Nehemiah 3:24,7,ܕܬܪܬܝܢ,,,,Peshitta,PESH
16,Nehemiah,3,24,Nehemiah 3:24,8,ܡܢ,,,,Peshitta,PESH
16,Nehemiah,3,24,Nehemiah 3:24,9,ܒܝܬ,,,,Peshitta,PESH
16,Nehemiah,3,24,Nehemiah 3:24,10,ܥܙܪܝܐ,,,,Peshitta,PESH
16,Nehemiah,3,24,Nehemiah 3:24,11,ܥܕܡܐ,,,,Peshitta,PESH
16,Nehemiah,3,24,Nehemiah 3:24,12,ܠܡܨܘܥ,,,,Peshitta,PESH
16,Nehemiah,3,24,Nehemiah 3:24,13,ܘܥܕܡܐ,,,,Peshitta,PESH
16,Nehemiah,3,24,Nehemiah 3:24,14,ܠܦܢܝܬܐ,,,,Peshitta,PESH
16,Nehemiah,3,25,Nehemiah 3:25,1,ܕܦܠܐ,,,,Peshitta,PESH
16,Nehemiah,3,25,Nehemiah 3:25,2,ܒܪ,,,,Peshitta,PESH
16,Nehemiah,3,25,Nehemiah 3:25,3,ܐܙܝ,,,,Peshitta,PESH
16,Nehemiah,3,25,Nehemiah 3:25,4,ܡܢ,,,,Peshitta,PESH
16,Nehemiah,3,25,Nehemiah 3:25,5,ܠܘܩܒܠ,,,,Peshitta,PESH
16,Nehemiah,3,25,Nehemiah 3:25,6,ܡܩܨܘܥ,,,,Peshitta,PESH
16,Nehemiah,3,25,Nehemiah 3:25,7,ܘܥܕܡܐ,,,,Peshitta,PESH
16,Nehemiah,3,25,Nehemiah 3:25,8,ܠܡܓܕܠܐ,,,,Peshitta,PESH
16,Nehemiah,3,25,Nehemiah 3:25,9,ܕܦܩܥܬܐ,,,,Peshitta,PESH
16,Nehemiah,3,25,Nehemiah 3:25,10,ܕܢ̇ܦܩ,,,,Peshitta,PESH
16,Nehemiah,3,25,Nehemiah 3:25,11,ܡܢ,,,,Peshitta,PESH
16,Nehemiah,3,25,Nehemiah 3:25,12,ܒܝܬ,,,,Peshitta,PESH
16,Nehemiah,3,25,Nehemiah 3:25,13,ܡܠܟܐ,,,,Peshitta,PESH
16,Nehemiah,3,25,Nehemiah 3:25,14,ܥܠܝܐ,,,,Peshitta,PESH
16,Nehemiah,3,25,Nehemiah 3:25,15,ܘܥܕܡܐ,,,,Peshitta,PESH
16,Nehemiah,3,25,Nehemiah 3:25,16,ܠܕܪܬܐ,,,,Peshitta,PESH
16,Nehemiah,3,25,Nehemiah 3:25,17,ܕܒܝܬ,,,,Peshitta,PESH
16,Nehemiah,3,25,Nehemiah 3:25,18,ܐܣܝܪ̈ܐ,,,,Peshitta,PESH
16,Nehemiah,3,25,Nehemiah 3:25,19,ܒܬܪܗ,,,,Peshitta,PESH
16,Nehemiah,3,25,Nehemiah 3:25,20,ܦܪܝܐ,,,,Peshitta,PESH
16,Nehemiah,3,25,Nehemiah 3:25,21,ܒܪ,,,,Peshitta,PESH
16,Nehemiah,3,25,Nehemiah 3:25,22,ܦܪܥܫ,,,,Peshitta,PESH
16,Nehemiah,3,26,Nehemiah 3:26,1,ܘܢܬ̈ܢܝܐ,,,,Peshitta,PESH
16,Nehemiah,3,26,Nehemiah 3:26,2,ܕܗܘܘ,,,,Peshitta,PESH
16,Nehemiah,3,26,Nehemiah 3:26,3,ܝܬܒܝܢ,,,,Peshitta,PESH
16,Nehemiah,3,26,Nehemiah 3:26,4,ܒܦܥܠ,,,,Peshitta,PESH
16,Nehemiah,3,26,Nehemiah 3:26,5,ܥܕܡܐ,,,,Peshitta,PESH
16,Nehemiah,3,26,Nehemiah 3:26,6,ܠܬܪܥܐ,,,,Peshitta,PESH
16,Nehemiah,3,26,Nehemiah 3:26,7,ܕܡ̈ܝܐ,,,,Peshitta,PESH
16,Nehemiah,3,26,Nehemiah 3:26,8,ܠܡܕܢܚܐ,,,,Peshitta,PESH
16,Nehemiah,3,26,Nehemiah 3:26,9,ܘܡܓܕܠܐ,,,,Peshitta,PESH
16,Nehemiah,3,26,Nehemiah 3:26,10,ܕܡܦܩܢܐ,,,,Peshitta,PESH
16,Nehemiah,3,27,Nehemiah 3:27,1,ܒܬܪܗ,,,,Peshitta,PESH
16,Nehemiah,3,27,Nehemiah 3:27,2,ܥܫܢܘ,,,,Peshitta,PESH
16,Nehemiah,3,27,Nehemiah 3:27,3,ܬܩܘ̈ܥܝܐ,,,,Peshitta,PESH
16,Nehemiah,3,27,Nehemiah 3:27,4,ܡܫܘܚܬܐ,,,,Peshitta,PESH
16,Nehemiah,3,27,Nehemiah 3:27,5,ܕܬܪ̈ܬܝܢ,,,,Peshitta,PESH
16,Nehemiah,3,27,Nehemiah 3:27,6,ܡܢ,,,,Peshitta,PESH
16,Nehemiah,3,27,Nehemiah 3:27,7,ܠܘܩܒܠ,,,,Peshitta,PESH
16,Nehemiah,3,27,Nehemiah 3:27,8,ܡܓܕܠܐ,,,,Peshitta,PESH
16,Nehemiah,3,27,Nehemiah 3:27,9,ܪܒܐ,,,,Peshitta,PESH
16,Nehemiah,3,27,Nehemiah 3:27,10,ܕܡܦܩܢܐ,,,,Peshitta,PESH
16,Nehemiah,3,27,Nehemiah 3:27,11,ܘܥܕܡܐ,,,,Peshitta,PESH
16,Nehemiah,3,27,Nehemiah 3:27,12,ܠܫܘܪܐ,,,,Peshitta,PESH
16,Nehemiah,3,27,Nehemiah 3:27,13,ܥܫܝܢܐ,,,,Peshitta,PESH
16,Nehemiah,3,28,Nehemiah 3:28,1,ܡܢ,,,,Peshitta,PESH
16,Nehemiah,3,28,Nehemiah 3:28,2,ܡܥܠܢܐ,,,,Peshitta,PESH
16,Nehemiah,3,28,Nehemiah 3:28,3,ܕܬܪܥܐ,,,,Peshitta,PESH
16,Nehemiah,3,28,Nehemiah 3:28,4,ܕܪ̈ܟܫܐ,,,,Peshitta,PESH
16,Nehemiah,3,28,Nehemiah 3:28,5,ܐܥܫܢܘ,,,,Peshitta,PESH
16,Nehemiah,3,28,Nehemiah 3:28,6,ܟܗ̈ܢܐ,,,,Peshitta,PESH
16,Nehemiah,3,28,Nehemiah 3:28,7,ܐܢܫ,,,,Peshitta,PESH
16,Nehemiah,3,28,Nehemiah 3:28,8,ܠܘܩܒܠ,,,,Peshitta,PESH
16,Nehemiah,3,28,Nehemiah 3:28,9,ܒܝܬܗ,,,,Peshitta,PESH
16,Nehemiah,3,29,Nehemiah 3:29,1,ܒܬܪܗܘܢ,,,,Peshitta,PESH
16,Nehemiah,3,29,Nehemiah 3:29,2,ܐܥܫܢ,,,,Peshitta,PESH
16,Nehemiah,3,29,Nehemiah 3:29,3,ܨ̇ܕܘܩ,,,,Peshitta,PESH
16,Nehemiah,3,29,Nehemiah 3:29,4,ܒܪ,,,,Peshitta,PESH
16,Nehemiah,3,29,Nehemiah 3:29,5,ܐܡܝܪ,,,,Peshitta,PESH
16,Nehemiah,3,29,Nehemiah 3:29,6,ܠܘܩܒܠ,,,,Peshitta,PESH
16,Nehemiah,3,29,Nehemiah 3:29,7,ܒܝܬܗ,,,,Peshitta,PESH
16,Nehemiah,3,29,Nehemiah 3:29,8,ܒܬܪܗ,,,,Peshitta,PESH
16,Nehemiah,3,29,Nehemiah 3:29,9,ܐܥܫܢ,,,,Peshitta,PESH
16,Nehemiah,3,29,Nehemiah 3:29,10,ܫܡܥܝܐ,,,,Peshitta,PESH
16,Nehemiah,3,29,Nehemiah 3:29,11,ܒܪ,,,,Peshitta,PESH
16,Nehemiah,3,29,Nehemiah 3:29,12,ܫܟܢܝܐ,,,,Peshitta,PESH
16,Nehemiah,3,29,Nehemiah 3:29,13,ܢ̇ܛܪ,,,,Peshitta,PESH
16,Nehemiah,3,29,Nehemiah 3:29,14,ܬܪܥܐ,,,,Peshitta,PESH
16,Nehemiah,3,29,Nehemiah 3:29,15,ܡܕܢܚܝܐ,,,,Peshitta,PESH
16,Nehemiah,3,30,Nehemiah 3:30,1,ܒܬܪܗ,,,,Peshitta,PESH
16,Nehemiah,3,30,Nehemiah 3:30,2,ܐܥܫܢ,,,,Peshitta,PESH
16,Nehemiah,3,30,Nehemiah 3:30,3,ܚܢܢܝܐ,,,,Peshitta,PESH
16,Nehemiah,3,30,Nehemiah 3:30,4,ܒܪ,,,,Peshitta,PESH
16,Nehemiah,3,30,Nehemiah 3:30,5,ܫܠܡܝܐ,,,,Peshitta,PESH
16,Nehemiah,3,30,Nehemiah 3:30,6,ܘܚܢܘܢ,,,,Peshitta,PESH
16,Nehemiah,3,30,Nehemiah 3:30,7,ܒܪ,,,,Peshitta,PESH
16,Nehemiah,3,30,Nehemiah 3:30,8,ܨܠܦ,,,,Peshitta,PESH
16,Nehemiah,3,30,Nehemiah 3:30,9,ܫܬܝܬܝܐ,,,,Peshitta,PESH
16,Nehemiah,3,30,Nehemiah 3:30,10,ܡܫܘܚܬܐ,,,,Peshitta,PESH
16,Nehemiah,3,30,Nehemiah 3:30,11,ܕܬܪ̈ܬܝܢ,,,,Peshitta,PESH
16,Nehemiah,3,30,Nehemiah 3:30,12,ܒܬܪܗ,,,,Peshitta,PESH
16,Nehemiah,3,30,Nehemiah 3:30,13,ܐܥܫܢ,,,,Peshitta,PESH
16,Nehemiah,3,30,Nehemiah 3:30,14,ܡܫܠܘܡ,,,,Peshitta,PESH
16,Nehemiah,3,30,Nehemiah 3:30,15,ܒܪ,,,,Peshitta,PESH
16,Nehemiah,3,30,Nehemiah 3:30,16,ܒܪܟܝܐ,,,,Peshitta,PESH
16,Nehemiah,3,30,Nehemiah 3:30,17,ܠܘܩܒܠ,,,,Peshitta,PESH
16,Nehemiah,3,30,Nehemiah 3:30,18,ܒܝܬܗ,,,,Peshitta,PESH
16,Nehemiah,3,30,Nehemiah 3:30,19,ܒܬܪܗ,,,,Peshitta,PESH
16,Nehemiah,3,30,Nehemiah 3:30,20,ܐܥܫܢ,,,,Peshitta,PESH
16,Nehemiah,3,30,Nehemiah 3:30,21,ܒܢܘܢ,,,,Peshitta,PESH
16,Nehemiah,3,30,Nehemiah 3:30,22,ܒܪ,,,,Peshitta,PESH
16,Nehemiah,3,30,Nehemiah 3:30,23,ܚܝܕܪ,,,,Peshitta,PESH
16,Nehemiah,3,30,Nehemiah 3:30,24,ܡܫܘܚܬܐ,,,,Peshitta,PESH
16,Nehemiah,3,30,Nehemiah 3:30,25,ܕܬܪ̈ܬܝܢ,,,,Peshitta,PESH
16,Nehemiah,3,31,Nehemiah 3:31,1,ܒܬܪܗ,,,,Peshitta,PESH
16,Nehemiah,3,31,Nehemiah 3:31,2,ܐܥܫܢ,,,,Peshitta,PESH
16,Nehemiah,3,31,Nehemiah 3:31,3,ܡܠܟܝܐ,,,,Peshitta,PESH
16,Nehemiah,3,31,Nehemiah 3:31,4,ܒܪ,,,,Peshitta,PESH
16,Nehemiah,3,31,Nehemiah 3:31,5,ܨܪܦܝܐ,,,,Peshitta,PESH
16,Nehemiah,3,31,Nehemiah 3:31,6,ܥܕܡܐ,,,,Peshitta,PESH
16,Nehemiah,3,31,Nehemiah 3:31,7,ܠܒܝܬ,,,,Peshitta,PESH
16,Nehemiah,3,31,Nehemiah 3:31,8,ܢܬ̈ܢܝܐ,,,,Peshitta,PESH
16,Nehemiah,3,31,Nehemiah 3:31,9,ܘܕܟ̈ܠܝܐ,,,,Peshitta,PESH
16,Nehemiah,3,31,Nehemiah 3:31,10,ܠܘܩܒܠ,,,,Peshitta,PESH
16,Nehemiah,3,31,Nehemiah 3:31,11,ܬܪܥܐ,,,,Peshitta,PESH
16,Nehemiah,3,31,Nehemiah 3:31,12,ܕܡܦܩܢܐ,,,,Peshitta,PESH
16,Nehemiah,3,31,Nehemiah 3:31,13,ܘܥܕܡܐ,,,,Peshitta,PESH
16,Nehemiah,3,31,Nehemiah 3:31,14,ܠܡܣܩܢܐ,,,,Peshitta,PESH
16,Nehemiah,3,31,Nehemiah 3:31,15,ܕܦܢܝܬܐ,,,,Peshitta,PESH
16,Nehemiah,3,32,Nehemiah 3:32,1,ܕܒܝܬ,,,,Peshitta,PESH
16,Nehemiah,3,32,Nehemiah 3:32,2,ܡܣܩܬܐ,,,,Peshitta,PESH
16,Nehemiah,3,32,Nehemiah 3:32,3,ܕܦܢܝܐ,,,,Peshitta,PESH
16,Nehemiah,3,32,Nehemiah 3:32,4,ܠܬܪܥܐ,,,,Peshitta,PESH
16,Nehemiah,3,32,Nehemiah 3:32,5,ܕܓ̇ܫܐ,,,,Peshitta,PESH
16,Nehemiah,3,32,Nehemiah 3:32,6,ܥܫܢܘ,,,,Peshitta,PESH
16,Nehemiah,3,32,Nehemiah 3:32,7,ܨܪ̈ܦܝܐ,,,,Peshitta,PESH
16,Nehemiah,3,32,Nehemiah 3:32,8,ܘܕܟ̈ܠܝܐ,,,,Peshitta,PESH
16,Nehemiah,3,33,Nehemiah 3:33,1,ܘܟܕ,,,,Peshitta,PESH
16,Nehemiah,3,33,Nehemiah 3:33,2,ܫ̣ܡܥ,,,,Peshitta,PESH
16,Nehemiah,3,33,Nehemiah 3:33,3,ܣܡܒܠܝܛ,,,,Peshitta,PESH
16,Nehemiah,3,33,Nehemiah 3:33,4,ܕܒ̇ܢܝܢܢ,,,,Peshitta,PESH
16,Nehemiah,3,33,Nehemiah 3:33,5,ܫܘܪܐ,,,,Peshitta,PESH
16,Nehemiah,3,33,Nehemiah 3:33,6,ܟܪܝܬ,,,,Peshitta,PESH
16,Nehemiah,3,33,Nehemiah 3:33,7,ܠܗ,,,,Peshitta,PESH
16,Nehemiah,3,33,Nehemiah 3:33,8,ܘܣ̣ܓܝ,,,,Peshitta,PESH
16,Nehemiah,3,33,Nehemiah 3:33,9,ܪܘܓܙܗ,,,,Peshitta,PESH
16,Nehemiah,3,33,Nehemiah 3:33,10,ܘܡܝܩ,,,,Peshitta,PESH
16,Nehemiah,3,33,Nehemiah 3:33,11,ܥܠܝܗܘܢ,,,,Peshitta,PESH
16,Nehemiah,3,33,Nehemiah 3:33,12,ܥܠ,,,,Peshitta,PESH
16,Nehemiah,3,33,Nehemiah 3:33,13,ܝܗܘ̈ܕܝܐ,,,,Peshitta,PESH
16,Nehemiah,3,34,Nehemiah 3:34,1,ܘܐ̣ܡܪ,,,,Peshitta,PESH
16,Nehemiah,3,34,Nehemiah 3:34,2,ܠܐܚ̈ܘܗܝ,,,,Peshitta,PESH
16,Nehemiah,3,34,Nehemiah 3:34,3,ܘܠܚܝܠܐ,,,,Peshitta,PESH
16,Nehemiah,3,34,Nehemiah 3:34,4,ܕܫܡܪ̈ܝܐ,,,,Peshitta,PESH
16,Nehemiah,3,34,Nehemiah 3:34,5,ܡܢܐ,,,,Peshitta,PESH
16,Nehemiah,3,34,Nehemiah 3:34,6,ܥܒܕܝܢ,,,,Peshitta,PESH
16,Nehemiah,3,34,Nehemiah 3:34,7,ܝܗܘ̈ܕܝܐ,,,,Peshitta,PESH
16,Nehemiah,3,34,Nehemiah 3:34,8,ܘܡܫܬܒܗܪܝܢ,,,,Peshitta,PESH
16,Nehemiah,3,34,Nehemiah 3:34,9,ܫܒܘܩܘ,,,,Peshitta,PESH
16,Nehemiah,3,34,Nehemiah 3:34,10,ܠܗܘܢ,,,,Peshitta,PESH
16,Nehemiah,3,34,Nehemiah 3:34,11,ܡܕܒܚܝܢ,,,,Peshitta,PESH
16,Nehemiah,3,34,Nehemiah 3:34,12,ܘܐܟܠܝܢ,,,,Peshitta,PESH
16,Nehemiah,3,34,Nehemiah 3:34,13,ܒܝܘܡܐ,,,,Peshitta,PESH
16,Nehemiah,3,34,Nehemiah 3:34,14,ܕܐܩܝܡܘ,,,,Peshitta,PESH
16,Nehemiah,3,34,Nehemiah 3:34,15,ܟܐ̈ܦܐ,,,,Peshitta,PESH
16,Nehemiah,3,34,Nehemiah 3:34,16,ܗܠܝܢ,,,,Peshitta,PESH
16,Nehemiah,3,34,Nehemiah 3:34,17,ܡܢ,,,,Peshitta,PESH
16,Nehemiah,3,34,Nehemiah 3:34,18,ܩܩܠܬܐ,,,,Peshitta,PESH
16,Nehemiah,3,34,Nehemiah 3:34,19,ܕܥܦܪܐ,,,,Peshitta,PESH
16,Nehemiah,3,34,Nehemiah 3:34,20,ܘܝܩܝ̈ܕܢ,,,,Peshitta,PESH
16,Nehemiah,3,34,Nehemiah 3:34,21,ܐܢ̈ܝܢ,,,,Peshitta,PESH
16,Nehemiah,3,35,Nehemiah 3:35,1,ܘܛܘܒܝܐ,,,,Peshitta,PESH
16,Nehemiah,3,35,Nehemiah 3:35,2,ܥܡܘܢܝܐ,,,,Peshitta,PESH
16,Nehemiah,3,35,Nehemiah 3:35,3,ܩ̇ܐܡ,,,,Peshitta,PESH
16,Nehemiah,3,35,Nehemiah 3:35,4,ܗ̣ܘܐ,,,,Peshitta,PESH
16,Nehemiah,3,35,Nehemiah 3:35,5,ܠܘܬܗ,,,,Peshitta,PESH
16,Nehemiah,3,35,Nehemiah 3:35,6,ܘܐ̣ܡܪ,,,,Peshitta,PESH
16,Nehemiah,3,35,Nehemiah 3:35,7,ܟܡܐ,,,,Peshitta,PESH
16,Nehemiah,3,35,Nehemiah 3:35,8,ܕܗܢܘܢ,,,,Peshitta,PESH
16,Nehemiah,3,35,Nehemiah 3:35,9,ܒܢܝܢ,,,,Peshitta,PESH
16,Nehemiah,3,35,Nehemiah 3:35,10,ܝ̇ܕܥ,,,,Peshitta,PESH
16,Nehemiah,3,35,Nehemiah 3:35,11,ܐܢܐ,,,,Peshitta,PESH
16,Nehemiah,3,35,Nehemiah 3:35,12,ܕܣ̇ܠܩ,,,,Peshitta,PESH
16,Nehemiah,3,35,Nehemiah 3:35,13,ܬܥܠܐ,,,,Peshitta,PESH
16,Nehemiah,3,35,Nehemiah 3:35,14,ܘܥ̇ܩܪ,,,,Peshitta,PESH
16,Nehemiah,3,35,Nehemiah 3:35,15,ܟܐ̈ܦܐ,,,,Peshitta,PESH
16,Nehemiah,3,35,Nehemiah 3:35,16,ܕܫܘܪ̈ܝܗܘܢ,,,,Peshitta,PESH
16,Nehemiah,3,36,Nehemiah 3:36,1,ܫܡܥ,,,,Peshitta,PESH
16,Nehemiah,3,36,Nehemiah 3:36,2,ܐܠܗܢ,,,,Peshitta,PESH
16,Nehemiah,3,36,Nehemiah 3:36,3,ܡܛܠ,,,,Peshitta,PESH
16,Nehemiah,3,36,Nehemiah 3:36,4,ܕܗܘܝܢ,,,,Peshitta,PESH
16,Nehemiah,3,36,Nehemiah 3:36,5,ܓܘܚܟܐ,,,,Peshitta,PESH
16,Nehemiah,3,36,Nehemiah 3:36,6,ܘܐܗܦܟ,,,,Peshitta,PESH
16,Nehemiah,3,36,Nehemiah 3:36,7,ܨܥܪܗܘܢ,,,,Peshitta,PESH
16,Nehemiah,3,36,Nehemiah 3:36,8,ܒܪܫܗܘܢ,,,,Peshitta,PESH
16,Nehemiah,3,36,Nehemiah 3:36,9,ܘܗܒ,,,,Peshitta,PESH
16,Nehemiah,3,36,Nehemiah 3:36,10,ܐܢܘܢ,,,,Peshitta,PESH
16,Nehemiah,3,36,Nehemiah 3:36,11,ܠܒܙܬܐ,,,,Peshitta,PESH
16,Nehemiah,3,36,Nehemiah 3:36,12,ܒܐܪܥܐ,,,,Peshitta,PESH
16,Nehemiah,3,36,Nehemiah 3:36,13,ܕܫܒܝܬܗܘܢ,,,,Peshitta,PESH
16,Nehemiah,3,37,Nehemiah 3:37,1,ܠܐ,,,,Peshitta,PESH
16,Nehemiah,3,37,Nehemiah 3:37,2,ܬܫܒܘܩ,,,,Peshitta,PESH
16,Nehemiah,3,37,Nehemiah 3:37,3,ܠܚܘ̈ܒܝܗܘܢ,,,,Peshitta,PESH
16,Nehemiah,3,37,Nehemiah 3:37,4,ܘܚܛܗܝ̈ܗܘܢ,,,,Peshitta,PESH
16,Nehemiah,3,37,Nehemiah 3:37,5,ܡܢ,,,,Peshitta,PESH
16,Nehemiah,3,37,Nehemiah 3:37,6,ܩܕܡܝܟ,,,,Peshitta,PESH
16,Nehemiah,3,37,Nehemiah 3:37,7,ܠܐ,,,,Peshitta,PESH
16,Nehemiah,3,37,Nehemiah 3:37,8,ܢܬܥܛܘܢ,,,,Peshitta,PESH
16,Nehemiah,3,37,Nehemiah 3:37,9,ܡܛܠ,,,,Peshitta,PESH
16,Nehemiah,3,37,Nehemiah 3:37,10,ܕܪܓܙܘ,,,,Peshitta,PESH
16,Nehemiah,3,37,Nehemiah 3:37,11,ܠܘܩܒܠ,,,,Peshitta,PESH
16,Nehemiah,3,37,Nehemiah 3:37,12,ܒܢܝܢܐ,,,,Peshitta,PESH
16,Nehemiah,3,37,Nehemiah 3:37,13,ܕܒܢܝܢ,,,,Peshitta,PESH
16,Nehemiah,3,38,Nehemiah 3:38,1,ܘܚܢܢ,,,,Peshitta,PESH
16,Nehemiah,3,38,Nehemiah 3:38,2,ܢܒܢܝܘܗܝ,,,,Peshitta,PESH
16,Nehemiah,3,38,Nehemiah 3:38,3,ܠܫܘܪܐ,,,,Peshitta,PESH
16,Nehemiah,3,38,Nehemiah 3:38,4,ܘܒܢܐܘܗܝ,,,,Peshitta,PESH
16,Nehemiah,3,38,Nehemiah 3:38,5,ܘܓ̣ܡܪ,,,,Peshitta,PESH
16,Nehemiah,3,38,Nehemiah 3:38,6,ܫܘܪܐ,,,,Peshitta,PESH
16,Nehemiah,3,38,Nehemiah 3:38,7,ܥܕܡܐ,,,,Peshitta,PESH
16,Nehemiah,3,38,Nehemiah 3:38,8,ܠܦܠܓܗ,,,,Peshitta,PESH
16,Nehemiah,3,38,Nehemiah 3:38,9,ܗܝܕܝܢ,,,,Peshitta,PESH
16,Nehemiah,3,38,Nehemiah 3:38,10,ܐܬܦܬܚ,,,,Peshitta,PESH
16,Nehemiah,3,38,Nehemiah 3:38,11,ܦܘܡܐ,,,,Peshitta,PESH
16,Nehemiah,3,38,Nehemiah 3:38,12,ܕܟܘܠܗ,,,,Peshitta,PESH
16,Nehemiah,3,38,Nehemiah 3:38,13,ܥܡܐ,,,,Peshitta,PESH
16,Nehemiah,3,38,Nehemiah 3:38,14,ܠܡܥܒܕ,,,,Peshitta,PESH
16,Nehemiah,4,1,Nehemiah 4:1,1,ܗܝܕܝܢ,,,,Peshitta,PESH
16,Nehemiah,4,1,Nehemiah 4:1,2,ܟܕ,,,,Peshitta,PESH
16,Nehemiah,4,1,Nehemiah 4:1,3,ܫ̣ܡܥ,,,,Peshitta,PESH
16,Nehemiah,4,1,Nehemiah 4:1,4,ܣܡܒܠܝܛ,,,,Peshitta,PESH
16,Nehemiah,4,1,Nehemiah 4:1,5,ܘܛܘܒܝܐ,,,,Peshitta,PESH
16,Nehemiah,4,1,Nehemiah 4:1,6,ܘܥܪ̈ܒܝܐ,,,,Peshitta,PESH
16,Nehemiah,4,1,Nehemiah 4:1,7,ܘܥܡܘ̈ܢܝܐ,,,,Peshitta,PESH
16,Nehemiah,4,1,Nehemiah 4:1,8,ܘܐܫܕܘ̈ܕܝܐ,,,,Peshitta,PESH
16,Nehemiah,4,1,Nehemiah 4:1,9,ܕܐܬܝܗܒ,,,,Peshitta,PESH
16,Nehemiah,4,1,Nehemiah 4:1,10,ܙܒܢܐ,,,,Peshitta,PESH
16,Nehemiah,4,1,Nehemiah 4:1,11,ܠܫܘܪܐ,,,,Peshitta,PESH
16,Nehemiah,4,1,Nehemiah 4:1,12,ܕܐܘܪܫܠܡ,,,,Peshitta,PESH
16,Nehemiah,4,1,Nehemiah 4:1,13,ܠܡܬܒܢܝܘ,,,,Peshitta,PESH
16,Nehemiah,4,1,Nehemiah 4:1,14,ܘܫ̇ܪܝ,,,,Peshitta,PESH
16,Nehemiah,4,1,Nehemiah 4:1,15,ܬܘܪ̈ܥܬܐ,,,,Peshitta,PESH
16,Nehemiah,4,1,Nehemiah 4:1,16,ܠܡܣܬܟܪܘ,,,,Peshitta,PESH
16,Nehemiah,4,1,Nehemiah 4:1,17,ܟܪܝܬ,,,,Peshitta,PESH
16,Nehemiah,4,1,Nehemiah 4:1,18,ܠܗܘܢ,,,,Peshitta,PESH
16,Nehemiah,4,1,Nehemiah 4:1,19,ܛܒ,,,,Peshitta,PESH
16,Nehemiah,4,2,Nehemiah 4:2,1,ܘܐܬܚܫܒܘ,,,,Peshitta,PESH
16,Nehemiah,4,2,Nehemiah 4:2,2,ܟܠܗܘܢ,,,,Peshitta,PESH
16,Nehemiah,4,2,Nehemiah 4:2,3,ܐܟܚܕܐ,,,,Peshitta,PESH
16,Nehemiah,4,2,Nehemiah 4:2,4,ܠܡܐܬܐ,,,,Peshitta,PESH
16,Nehemiah,4,2,Nehemiah 4:2,5,ܠܡܬܟܬܫܘ,,,,Peshitta,PESH
16,Nehemiah,4,2,Nehemiah 4:2,6,ܒܐܘܪܫܠܡ,,,,Peshitta,PESH
16,Nehemiah,4,2,Nehemiah 4:2,7,ܘܠܡܥܒܕ,,,,Peshitta,PESH
16,Nehemiah,4,2,Nehemiah 4:2,8,ܠܗܘܢ,,,,Peshitta,PESH
16,Nehemiah,4,2,Nehemiah 4:2,9,ܬܘܩܠܬܐ,,,,Peshitta,PESH
16,Nehemiah,4,3,Nehemiah 4:3,1,ܘܨ̇ܠܝܢ,,,,Peshitta,PESH
16,Nehemiah,4,3,Nehemiah 4:3,2,ܩܕܡ,,,,Peshitta,PESH
16,Nehemiah,4,3,Nehemiah 4:3,3,ܐܠܗܐ,,,,Peshitta,PESH
16,Nehemiah,4,3,Nehemiah 4:3,4,ܕܢܩܝܡ,,,,Peshitta,PESH
16,Nehemiah,4,3,Nehemiah 4:3,5,ܥܠܝܢ,,,,Peshitta,PESH
16,Nehemiah,4,3,Nehemiah 4:3,6,ܢܛܘܪ̈ܐ,,,,Peshitta,PESH
16,Nehemiah,4,3,Nehemiah 4:3,7,ܒܐܝܡܡܐ,,,,Peshitta,PESH
16,Nehemiah,4,3,Nehemiah 4:3,8,ܘܒܠܠܝܐ,,,,Peshitta,PESH
16,Nehemiah,4,3,Nehemiah 4:3,9,ܡܢ,,,,Peshitta,PESH
16,Nehemiah,4,3,Nehemiah 4:3,10,ܩܕܡܝܗܘܢ,,,,Peshitta,PESH
16,Nehemiah,4,4,Nehemiah 4:4,1,ܘܐܡܪܝܢ,,,,Peshitta,PESH
16,Nehemiah,4,4,Nehemiah 4:4,2,ܝܗܘ̈ܕܝܐ,,,,Peshitta,PESH
16,Nehemiah,4,4,Nehemiah 4:4,3,ܒ̣ܨܪ,,,,Peshitta,PESH
16,Nehemiah,4,4,Nehemiah 4:4,4,ܠܗ,,,,Peshitta,PESH
16,Nehemiah,4,4,Nehemiah 4:4,5,ܚܝܠܐ,,,,Peshitta,PESH
16,Nehemiah,4,4,Nehemiah 4:4,6,ܡܢ,,,,Peshitta,PESH
16,Nehemiah,4,4,Nehemiah 4:4,7,ܩܘܦ̈ܝܐ,,,,Peshitta,PESH
16,Nehemiah,4,4,Nehemiah 4:4,8,ܘܥܦܪܐ,,,,Peshitta,PESH
16,Nehemiah,4,4,Nehemiah 4:4,9,ܣ̇ܓܝ,,,,Peshitta,PESH
16,Nehemiah,4,4,Nehemiah 4:4,10,ܛܒ,,,,Peshitta,PESH
16,Nehemiah,4,4,Nehemiah 4:4,11,ܘܚܢܢ,,,,Peshitta,PESH
16,Nehemiah,4,4,Nehemiah 4:4,12,ܠܐ,,,,Peshitta,PESH
16,Nehemiah,4,4,Nehemiah 4:4,13,ܡܫܟܚܝܢ,,,,Peshitta,PESH
16,Nehemiah,4,4,Nehemiah 4:4,14,ܚܢܢ,,,,Peshitta,PESH
16,Nehemiah,4,4,Nehemiah 4:4,15,ܠܡܒܢܐ,,,,Peshitta,PESH
16,Nehemiah,4,4,Nehemiah 4:4,16,ܫܘܪܐ,,,,Peshitta,PESH
16,Nehemiah,4,5,Nehemiah 4:5,1,ܘܐܡܪܝܢ,,,,Peshitta,PESH
16,Nehemiah,4,5,Nehemiah 4:5,2,ܣܢܐܝ̈ܢ,,,,Peshitta,PESH
16,Nehemiah,4,5,Nehemiah 4:5,3,ܕܠܐ,,,,Peshitta,PESH
16,Nehemiah,4,5,Nehemiah 4:5,4,ܢܕܥܘܢ,,,,Peshitta,PESH
16,Nehemiah,4,5,Nehemiah 4:5,5,ܘܠܐ,,,,Peshitta,PESH
16,Nehemiah,4,5,Nehemiah 4:5,6,ܢܚܙܘܢ,,,,Peshitta,PESH
16,Nehemiah,4,5,Nehemiah 4:5,7,ܥܕܡܐ,,,,Peshitta,PESH
16,Nehemiah,4,5,Nehemiah 4:5,8,ܕܢܦܠ,,,,Peshitta,PESH
16,Nehemiah,4,5,Nehemiah 4:5,9,ܥܠܝܗܘܢ,,,,Peshitta,PESH
16,Nehemiah,4,5,Nehemiah 4:5,10,ܘܢܩ̇ܛܠ,,,,Peshitta,PESH
16,Nehemiah,4,5,Nehemiah 4:5,11,ܐܢܘܢ,,,,Peshitta,PESH
16,Nehemiah,4,5,Nehemiah 4:5,12,ܘܢܒ̇ܛܠ,,,,Peshitta,PESH
16,Nehemiah,4,5,Nehemiah 4:5,13,ܥ̇ܒܕܗܘܢ,,,,Peshitta,PESH
16,Nehemiah,4,6,Nehemiah 4:6,1,ܘܐܬܘ,,,,Peshitta,PESH
16,Nehemiah,4,6,Nehemiah 4:6,2,ܝܗܘ̈ܕܝܐ,,,,Peshitta,PESH
16,Nehemiah,4,6,Nehemiah 4:6,3,ܕܝܬܒܝܢ,,,,Peshitta,PESH
16,Nehemiah,4,6,Nehemiah 4:6,4,ܠܘܬܗܘܢ,,,,Peshitta,PESH
16,Nehemiah,4,6,Nehemiah 4:6,5,ܘܐܡܪܝܢ,,,,Peshitta,PESH
16,Nehemiah,4,6,Nehemiah 4:6,6,ܠܢ,,,,Peshitta,PESH
16,Nehemiah,4,6,Nehemiah 4:6,7,ܗܐ,,,,Peshitta,PESH
16,Nehemiah,4,6,Nehemiah 4:6,8,ܡܟܝܠ,,,,Peshitta,PESH
16,Nehemiah,4,6,Nehemiah 4:6,9,ܥܣܪ,,,,Peshitta,PESH
16,Nehemiah,4,6,Nehemiah 4:6,10,ܙܒ̈ܢܝܢ,,,,Peshitta,PESH
16,Nehemiah,4,6,Nehemiah 4:6,11,ܐܬܘ,,,,Peshitta,PESH
16,Nehemiah,4,6,Nehemiah 4:6,12,ܠܡܬܟܬܫܘ,,,,Peshitta,PESH
16,Nehemiah,4,6,Nehemiah 4:6,13,ܥܡܟܘܢ,,,,Peshitta,PESH
16,Nehemiah,4,6,Nehemiah 4:6,14,ܡܢ,,,,Peshitta,PESH
16,Nehemiah,4,6,Nehemiah 4:6,15,ܟܘܠܗܘܢ,,,,Peshitta,PESH
16,Nehemiah,4,6,Nehemiah 4:6,16,ܐܬܪ̈ܘܬܐ,,,,Peshitta,PESH
16,Nehemiah,4,6,Nehemiah 4:6,17,ܐܝܠܝܢ,,,,Peshitta,PESH
16,Nehemiah,4,6,Nehemiah 4:6,18,ܕܫ̣ܕܝܢ,,,,Peshitta,PESH
16,Nehemiah,4,6,Nehemiah 4:6,19,ܗܘܘ,,,,Peshitta,PESH
16,Nehemiah,4,6,Nehemiah 4:6,20,ܒܗܘܢ,,,,Peshitta,PESH
16,Nehemiah,4,7,Nehemiah 4:7,1,ܘܐܬܘ,,,,Peshitta,PESH
16,Nehemiah,4,7,Nehemiah 4:7,2,ܘܩܡܘ,,,,Peshitta,PESH
16,Nehemiah,4,7,Nehemiah 4:7,3,ܡܢ,,,,Peshitta,PESH
16,Nehemiah,4,7,Nehemiah 4:7,4,ܒܣܬܪ,,,,Peshitta,PESH
16,Nehemiah,4,7,Nehemiah 4:7,5,ܫܘܪܐ,,,,Peshitta,PESH
16,Nehemiah,4,7,Nehemiah 4:7,6,ܠܡܬܟܬܫܘ,,,,Peshitta,PESH
16,Nehemiah,4,7,Nehemiah 4:7,7,ܥܡܟܘܢ,,,,Peshitta,PESH
16,Nehemiah,4,7,Nehemiah 4:7,8,ܒܓܐܪ̈ܝܗܘܢ,,,,Peshitta,PESH
16,Nehemiah,4,7,Nehemiah 4:7,9,ܘܦܠܓܘܗܝ,,,,Peshitta,PESH
16,Nehemiah,4,7,Nehemiah 4:7,10,ܠܚܝܠܐ,,,,Peshitta,PESH
16,Nehemiah,4,7,Nehemiah 4:7,11,ܠܛܘܗܡ̈ܐ,,,,Peshitta,PESH
16,Nehemiah,4,7,Nehemiah 4:7,12,ܥܡ,,,,Peshitta,PESH
16,Nehemiah,4,7,Nehemiah 4:7,13,ܣܝ̈ܦܝܗܘܢ,,,,Peshitta,PESH
16,Nehemiah,4,7,Nehemiah 4:7,14,ܘܪ̈ܘܡܚܐ,,,,Peshitta,PESH
16,Nehemiah,4,7,Nehemiah 4:7,15,ܘܩ̈ܫܬܬܐ,,,,Peshitta,PESH
16,Nehemiah,4,8,Nehemiah 4:8,1,ܘܕܚ̇ܠܬ,,,,Peshitta,PESH
16,Nehemiah,4,8,Nehemiah 4:8,2,ܘܩܡ̇ܬ,,,,Peshitta,PESH
16,Nehemiah,4,8,Nehemiah 4:8,3,ܘܐܡ̇ܪܬ,,,,Peshitta,PESH
16,Nehemiah,4,8,Nehemiah 4:8,4,ܠܪ̈ܘܪܒܢܐ,,,,Peshitta,PESH
16,Nehemiah,4,8,Nehemiah 4:8,5,ܘܠܫܠܝ̈ܛܢܐ,,,,Peshitta,PESH
16,Nehemiah,4,8,Nehemiah 4:8,6,ܘܠܫܪܟܐ,,,,Peshitta,PESH
16,Nehemiah,4,8,Nehemiah 4:8,7,ܕܥܡܐ,,,,Peshitta,PESH
16,Nehemiah,4,8,Nehemiah 4:8,8,ܠܐ,,,,Peshitta,PESH
16,Nehemiah,4,8,Nehemiah 4:8,9,ܬܕܚܠܘܢ,,,,Peshitta,PESH
16,Nehemiah,4,8,Nehemiah 4:8,10,ܡܢ,,,,Peshitta,PESH
16,Nehemiah,4,8,Nehemiah 4:8,11,ܩܕܡܝܗܘܢ,,,,Peshitta,PESH
16,Nehemiah,4,8,Nehemiah 4:8,12,ܠܡܪܝܐ,,,,Peshitta,PESH
16,Nehemiah,4,8,Nehemiah 4:8,13,ܪܒܐ,,,,Peshitta,PESH
16,Nehemiah,4,8,Nehemiah 4:8,14,ܘܕܚܝܠܐ,,,,Peshitta,PESH
16,Nehemiah,4,8,Nehemiah 4:8,15,ܐܬܕܟܪܘ,,,,Peshitta,PESH
16,Nehemiah,4,8,Nehemiah 4:8,16,ܘܐܬܟܬܫܘ,,,,Peshitta,PESH
16,Nehemiah,4,8,Nehemiah 4:8,17,ܥܠ,,,,Peshitta,PESH
16,Nehemiah,4,8,Nehemiah 4:8,18,ܐܦܝ̈,,,,Peshitta,PESH
16,Nehemiah,4,8,Nehemiah 4:8,19,ܐܚܝ̈ܟܘܢ,,,,Peshitta,PESH
16,Nehemiah,4,8,Nehemiah 4:8,20,ܘܥܠ,,,,Peshitta,PESH
16,Nehemiah,4,8,Nehemiah 4:8,21,ܐܦܝ̈,,,,Peshitta,PESH
16,Nehemiah,4,8,Nehemiah 4:8,22,ܒܢܝ̈ܟܘܢ,,,,Peshitta,PESH
16,Nehemiah,4,8,Nehemiah 4:8,23,ܘܒܢ̈ܬܟܘܢ,,,,Peshitta,PESH
16,Nehemiah,4,9,Nehemiah 4:9,1,ܗܝܕܝܢ,,,,Peshitta,PESH
16,Nehemiah,4,9,Nehemiah 4:9,2,ܟܕ,,,,Peshitta,PESH
16,Nehemiah,4,9,Nehemiah 4:9,3,ܫܡܥܘ,,,,Peshitta,PESH
16,Nehemiah,4,9,Nehemiah 4:9,4,ܒܥܠܕܒ̈ܒܝܢ,,,,Peshitta,PESH
16,Nehemiah,4,9,Nehemiah 4:9,5,ܕܐܬܝܕܥ̣ܬ,,,,Peshitta,PESH
16,Nehemiah,4,9,Nehemiah 4:9,6,ܠܢ,,,,Peshitta,PESH
16,Nehemiah,4,9,Nehemiah 4:9,7,ܡܠܬܐ,,,,Peshitta,PESH
16,Nehemiah,4,9,Nehemiah 4:9,8,ܘܒ̇ܛܠ,,,,Peshitta,PESH
16,Nehemiah,4,9,Nehemiah 4:9,9,ܡܪܝܐ,,,,Peshitta,PESH
16,Nehemiah,4,9,Nehemiah 4:9,10,ܡܘ̈ܠܟܢܝܗܘܢ,,,,Peshitta,PESH
16,Nehemiah,4,9,Nehemiah 4:9,11,ܐܬܗܦܟܢ,,,,Peshitta,PESH
16,Nehemiah,4,9,Nehemiah 4:9,12,ܟܘܠܢ,,,,Peshitta,PESH
16,Nehemiah,4,9,Nehemiah 4:9,13,ܘܣܠܩܢ,,,,Peshitta,PESH
16,Nehemiah,4,9,Nehemiah 4:9,14,ܠܫܘܪܐ,,,,Peshitta,PESH
16,Nehemiah,4,9,Nehemiah 4:9,15,ܘܥܒܕܝܢ,,,,Peshitta,PESH
16,Nehemiah,4,9,Nehemiah 4:9,16,ܗܘ̣ܝܢ,,,,Peshitta,PESH
16,Nehemiah,4,9,Nehemiah 4:9,17,ܟܠܢ,,,,Peshitta,PESH
16,Nehemiah,4,9,Nehemiah 4:9,18,ܓܒܪ,,,,Peshitta,PESH
16,Nehemiah,4,9,Nehemiah 4:9,19,ܒܥ̇ܒܕܗ,,,,Peshitta,PESH
16,Nehemiah,4,10,Nehemiah 4:10,1,ܘܦܠܓܐ,,,,Peshitta,PESH
16,Nehemiah,4,10,Nehemiah 4:10,2,ܕܥܠܝ̈ܡܐ,,,,Peshitta,PESH
16,Nehemiah,4,10,Nehemiah 4:10,3,ܡܢ,,,,Peshitta,PESH
16,Nehemiah,4,10,Nehemiah 4:10,4,ܝܘܡܐ,,,,Peshitta,PESH
16,Nehemiah,4,10,Nehemiah 4:10,5,ܗ̇ܘ,,,,Peshitta,PESH
16,Nehemiah,4,10,Nehemiah 4:10,6,ܘܠܗܠ,,,,Peshitta,PESH
16,Nehemiah,4,10,Nehemiah 4:10,7,ܦܠܓܗܘܢ,,,,Peshitta,PESH
16,Nehemiah,4,10,Nehemiah 4:10,8,ܕܥܡܐ,,,,Peshitta,PESH
16,Nehemiah,4,10,Nehemiah 4:10,9,ܥܒܕܝܢ,,,,Peshitta,PESH
16,Nehemiah,4,10,Nehemiah 4:10,10,ܥ̇ܒܕܐ,,,,Peshitta,PESH
16,Nehemiah,4,10,Nehemiah 4:10,11,ܘܦܠܓܗܘܢ,,,,Peshitta,PESH
16,Nehemiah,4,10,Nehemiah 4:10,12,ܐܚܝܕܝܢ,,,,Peshitta,PESH
16,Nehemiah,4,10,Nehemiah 4:10,13,ܪ̈ܘܡܚܐ,,,,Peshitta,PESH
16,Nehemiah,4,10,Nehemiah 4:10,14,ܘܣܟܪ̈ܐ,,,,Peshitta,PESH
16,Nehemiah,4,10,Nehemiah 4:10,15,ܘܩܫ̈ܬܬܐ,,,,Peshitta,PESH
16,Nehemiah,4,10,Nehemiah 4:10,16,ܘܫܪ̈ܝܢܐ,,,,Peshitta,PESH
16,Nehemiah,4,10,Nehemiah 4:10,17,ܘܡܫܡ̈ܫܢܐ,,,,Peshitta,PESH
16,Nehemiah,4,10,Nehemiah 4:10,18,ܩܝܡܝܢ,,,,Peshitta,PESH
16,Nehemiah,4,10,Nehemiah 4:10,19,ܒܣܬܪ,,,,Peshitta,PESH
16,Nehemiah,4,10,Nehemiah 4:10,20,ܝܗܘ̈ܕܝܐ,,,,Peshitta,PESH
16,Nehemiah,4,11,Nehemiah 4:11,1,ܘܒ̇ܢܝܢ,,,,Peshitta,PESH
16,Nehemiah,4,11,Nehemiah 4:11,2,ܫܘܪܐ,,,,Peshitta,PESH
16,Nehemiah,4,11,Nehemiah 4:11,3,ܘܕܫܩܝܠܝܢ,,,,Peshitta,PESH
16,Nehemiah,4,11,Nehemiah 4:11,4,ܒܩܘ̈ܦܐ,,,,Peshitta,PESH
16,Nehemiah,4,11,Nehemiah 4:11,5,ܫܩܝܠܝܢ,,,,Peshitta,PESH
16,Nehemiah,4,11,Nehemiah 4:11,6,ܒܚܕܐ,,,,Peshitta,PESH
16,Nehemiah,4,11,Nehemiah 4:11,7,ܐܝܕܗ,,,,Peshitta,PESH
16,Nehemiah,4,11,Nehemiah 4:11,8,ܥ̇ܒܕ,,,,Peshitta,PESH
16,Nehemiah,4,11,Nehemiah 4:11,9,ܥ̇ܒܕܐ,,,,Peshitta,PESH
16,Nehemiah,4,11,Nehemiah 4:11,10,ܘܒܚܕܐ,,,,Peshitta,PESH
16,Nehemiah,4,11,Nehemiah 4:11,11,ܫܩܝܠ,,,,Peshitta,PESH
16,Nehemiah,4,11,Nehemiah 4:11,12,ܙܝܢܐ,,,,Peshitta,PESH
16,Nehemiah,4,12,Nehemiah 4:12,1,ܘܐܪܕܟܠܐ,,,,Peshitta,PESH
16,Nehemiah,4,12,Nehemiah 4:12,2,ܐܚܝܕ,,,,Peshitta,PESH
16,Nehemiah,4,12,Nehemiah 4:12,3,ܓܒܪ,,,,Peshitta,PESH
16,Nehemiah,4,12,Nehemiah 4:12,4,ܣܝܦܐ,,,,Peshitta,PESH
16,Nehemiah,4,12,Nehemiah 4:12,5,ܘܩܐܡ,,,,Peshitta,PESH
16,Nehemiah,4,12,Nehemiah 4:12,6,ܘܒ̇ܢܐ,,,,Peshitta,PESH
16,Nehemiah,4,12,Nehemiah 4:12,7,ܘܕܩ̇ܪܐ,,,,Peshitta,PESH
16,Nehemiah,4,12,Nehemiah 4:12,8,ܒܩܪܢܐ,,,,Peshitta,PESH
16,Nehemiah,4,12,Nehemiah 4:12,9,ܩܐܡ,,,,Peshitta,PESH
16,Nehemiah,4,12,Nehemiah 4:12,10,ܒܣܬܪܗ,,,,Peshitta,PESH
16,Nehemiah,4,13,Nehemiah 4:13,1,ܘܐܡ̇ܪܬ,,,,Peshitta,PESH
16,Nehemiah,4,13,Nehemiah 4:13,2,ܠܪ̈ܘܪܒܢܐ,,,,Peshitta,PESH
16,Nehemiah,4,13,Nehemiah 4:13,3,ܘܠܫܠܝ̈ܛܢܐ,,,,Peshitta,PESH
16,Nehemiah,4,13,Nehemiah 4:13,4,ܘܠܫܪܟܐ,,,,Peshitta,PESH
16,Nehemiah,4,13,Nehemiah 4:13,5,ܕܥܡܐ,,,,Peshitta,PESH
16,Nehemiah,4,13,Nehemiah 4:13,6,ܥܒܝܕܬܐ,,,,Peshitta,PESH
16,Nehemiah,4,13,Nehemiah 4:13,7,ܣܓܝܐܐ,,,,Peshitta,PESH
16,Nehemiah,4,13,Nehemiah 4:13,8,ܘܐܪܘܝܚܐ,,,,Peshitta,PESH
16,Nehemiah,4,13,Nehemiah 4:13,9,ܘܚܢܢ,,,,Peshitta,PESH
16,Nehemiah,4,13,Nehemiah 4:13,10,ܦܪܝܫܝܢܢ,,,,Peshitta,PESH
16,Nehemiah,4,13,Nehemiah 4:13,11,ܘܩܝܡܝܢܢ,,,,Peshitta,PESH
16,Nehemiah,4,13,Nehemiah 4:13,12,ܥܠ,,,,Peshitta,PESH
16,Nehemiah,4,13,Nehemiah 4:13,13,ܫܘܪܐ,,,,Peshitta,PESH
16,Nehemiah,4,13,Nehemiah 4:13,14,ܘܦܪܝܩܝܢ,,,,Peshitta,PESH
16,Nehemiah,4,13,Nehemiah 4:13,15,ܚܢܢ,,,,Peshitta,PESH
16,Nehemiah,4,13,Nehemiah 4:13,16,ܓܒܪ,,,,Peshitta,PESH
16,Nehemiah,4,13,Nehemiah 4:13,17,ܡܢ,,,,Peshitta,PESH
16,Nehemiah,4,13,Nehemiah 4:13,18,ܐܚܘܗܝ,,,,Peshitta,PESH
16,Nehemiah,4,14,Nehemiah 4:14,1,ܘܒܕܘܟܬܐ,,,,Peshitta,PESH
16,Nehemiah,4,14,Nehemiah 4:14,2,ܕܝܢ,,,,Peshitta,PESH
16,Nehemiah,4,14,Nehemiah 4:14,3,ܕܫܡܥܝܬܘܢ,,,,Peshitta,PESH
16,Nehemiah,4,14,Nehemiah 4:14,4,ܩܠܐ,,,,Peshitta,PESH
16,Nehemiah,4,14,Nehemiah 4:14,5,ܕܩܪܢܐ,,,,Peshitta,PESH
16,Nehemiah,4,14,Nehemiah 4:14,6,ܠܬܡܢ,,,,Peshitta,PESH
16,Nehemiah,4,14,Nehemiah 4:14,7,ܬܬܩܪܒܘܢ,,,,Peshitta,PESH
16,Nehemiah,4,14,Nehemiah 4:14,8,ܠܘܬܢ,,,,Peshitta,PESH
16,Nehemiah,4,14,Nehemiah 4:14,9,ܘܐܠܗܢ,,,,Peshitta,PESH
16,Nehemiah,4,14,Nehemiah 4:14,10,ܢܬܟܬܫ,,,,Peshitta,PESH
16,Nehemiah,4,14,Nehemiah 4:14,11,ܥܠ,,,,Peshitta,PESH
16,Nehemiah,4,14,Nehemiah 4:14,12,ܐܦܝ̈ܢ,,,,Peshitta,PESH
16,Nehemiah,4,15,Nehemiah 4:15,1,ܘܚܢܢ,,,,Peshitta,PESH
16,Nehemiah,4,15,Nehemiah 4:15,2,ܢܗܘܐ,,,,Peshitta,PESH
16,Nehemiah,4,15,Nehemiah 4:15,3,ܥܒܕܝܢ,,,,Peshitta,PESH
16,Nehemiah,4,15,Nehemiah 4:15,4,ܒܥ̇ܒܕܢ,,,,Peshitta,PESH
16,Nehemiah,4,15,Nehemiah 4:15,5,ܘܦܠܓܢ,,,,Peshitta,PESH
16,Nehemiah,4,15,Nehemiah 4:15,6,ܢܗܘܘܢ,,,,Peshitta,PESH
16,Nehemiah,4,15,Nehemiah 4:15,7,ܐܚܝܕܝܢ,,,,Peshitta,PESH
16,Nehemiah,4,15,Nehemiah 4:15,8,ܪ̈ܘܡܚܐ,,,,Peshitta,PESH
16,Nehemiah,4,15,Nehemiah 4:15,9,ܡܢ,,,,Peshitta,PESH
16,Nehemiah,4,15,Nehemiah 4:15,10,ܡܣ̈ܩܝ,,,,Peshitta,PESH
16,Nehemiah,4,15,Nehemiah 4:15,11,ܫܦ̣ܪܐ,,,,Peshitta,PESH
16,Nehemiah,4,15,Nehemiah 4:15,12,ܥܕܡܐ,,,,Peshitta,PESH
16,Nehemiah,4,15,Nehemiah 4:15,13,ܕܢܦܩܝܢ,,,,Peshitta,PESH
16,Nehemiah,4,15,Nehemiah 4:15,14,ܟܘܟ̈ܒܐ,,,,Peshitta,PESH
16,Nehemiah,4,16,Nehemiah 4:16,1,ܐܦ,,,,Peshitta,PESH
16,Nehemiah,4,16,Nehemiah 4:16,2,ܒܗ,,,,Peshitta,PESH
16,Nehemiah,4,16,Nehemiah 4:16,3,ܒܙܒܢܐ,,,,Peshitta,PESH
16,Nehemiah,4,16,Nehemiah 4:16,4,ܗ̇ܘ,,,,Peshitta,PESH
16,Nehemiah,4,16,Nehemiah 4:16,5,ܐܡ̇ܪܬ,,,,Peshitta,PESH
16,Nehemiah,4,16,Nehemiah 4:16,6,ܠܥܡܐ,,,,Peshitta,PESH
16,Nehemiah,4,16,Nehemiah 4:16,7,ܕܓܒܪܐ,,,,Peshitta,PESH
16,Nehemiah,4,16,Nehemiah 4:16,8,ܘܛܠܝܗ,,,,Peshitta,PESH
16,Nehemiah,4,16,Nehemiah 4:16,9,ܢܗܘܘܢ,,,,Peshitta,PESH
16,Nehemiah,4,16,Nehemiah 4:16,10,ܒܝܬܝܢ,,,,Peshitta,PESH
16,Nehemiah,4,16,Nehemiah 4:16,11,ܒܓܘ,,,,Peshitta,PESH
16,Nehemiah,4,16,Nehemiah 4:16,12,ܫܘܩ̈ܐ,,,,Peshitta,PESH
16,Nehemiah,4,16,Nehemiah 4:16,13,ܕܐܘܪܫܠܡ,,,,Peshitta,PESH
16,Nehemiah,4,16,Nehemiah 4:16,14,ܘܢܗܘܘܢ,,,,Peshitta,PESH
16,Nehemiah,4,16,Nehemiah 4:16,15,ܢܛܪܝܢ,,,,Peshitta,PESH
16,Nehemiah,4,16,Nehemiah 4:16,16,ܠܗ̇,,,,Peshitta,PESH
16,Nehemiah,4,16,Nehemiah 4:16,17,ܒܠܠܝܐ,,,,Peshitta,PESH
16,Nehemiah,4,16,Nehemiah 4:16,18,ܘܒܐܝܡܡܐ,,,,Peshitta,PESH
16,Nehemiah,4,16,Nehemiah 4:16,19,ܘܢܗܘܘܢ,,,,Peshitta,PESH
16,Nehemiah,4,16,Nehemiah 4:16,20,ܥܒܕܝܢ,,,,Peshitta,PESH
16,Nehemiah,4,16,Nehemiah 4:16,21,ܥ̇ܒܕܐ,,,,Peshitta,PESH
16,Nehemiah,4,17,Nehemiah 4:17,1,ܘܐܢܐ,,,,Peshitta,PESH
16,Nehemiah,4,17,Nehemiah 4:17,2,ܘܐܚܝ̈,,,,Peshitta,PESH
16,Nehemiah,4,17,Nehemiah 4:17,3,ܘܛܠܝ̈ܝ,,,,Peshitta,PESH
16,Nehemiah,4,17,Nehemiah 4:17,4,ܘܐܢ̈ܫܐ,,,,Peshitta,PESH
16,Nehemiah,4,17,Nehemiah 4:17,5,ܢܛܘܪ̈ܐ,,,,Peshitta,PESH
16,Nehemiah,4,17,Nehemiah 4:17,6,ܕܒܬܪܝ,,,,Peshitta,PESH
16,Nehemiah,4,17,Nehemiah 4:17,7,ܠܐ,,,,Peshitta,PESH
16,Nehemiah,4,17,Nehemiah 4:17,8,ܫܠܚܝܢܢ,,,,Peshitta,PESH
16,Nehemiah,4,17,Nehemiah 4:17,9,ܢܚ̈ܬܝܢ,,,,Peshitta,PESH
16,Nehemiah,4,17,Nehemiah 4:17,10,ܝܪܚܐ,,,,Peshitta,PESH
16,Nehemiah,4,17,Nehemiah 4:17,11,ܕܝܘܡ̈ܬܐ,,,,Peshitta,PESH
16,Nehemiah,4,17,Nehemiah 4:17,12,ܐܢܫ,,,,Peshitta,PESH
16,Nehemiah,4,17,Nehemiah 4:17,13,ܕܡ̇ܛܐ,,,,Peshitta,PESH
16,Nehemiah,4,17,Nehemiah 4:17,14,ܠܗ,,,,Peshitta,PESH
16,Nehemiah,5,1,Nehemiah 5:1,1,ܘܗܝܕܝܢ,,,,Peshitta,PESH
16,Nehemiah,5,1,Nehemiah 5:1,2,ܐܝܠܠܘ,,,,Peshitta,PESH
16,Nehemiah,5,1,Nehemiah 5:1,3,ܥܡܐ,,,,Peshitta,PESH
16,Nehemiah,5,1,Nehemiah 5:1,4,ܘܢܫ̈ܝܗܘܢ,,,,Peshitta,PESH
16,Nehemiah,5,1,Nehemiah 5:1,5,ܝܠܠܬܐ,,,,Peshitta,PESH
16,Nehemiah,5,1,Nehemiah 5:1,6,ܪܒܬܐ,,,,Peshitta,PESH
16,Nehemiah,5,1,Nehemiah 5:1,7,ܥܠ,,,,Peshitta,PESH
16,Nehemiah,5,1,Nehemiah 5:1,8,ܐܚܝ̈ܗܘܢ,,,,Peshitta,PESH
16,Nehemiah,5,1,Nehemiah 5:1,9,ܝܗܘ̈ܕܝܐ,,,,Peshitta,PESH
16,Nehemiah,5,2,Nehemiah 5:2,1,ܘܐܝܬ,,,,Peshitta,PESH
16,Nehemiah,5,2,Nehemiah 5:2,2,ܕܐܡܪܝܢ,,,,Peshitta,PESH
16,Nehemiah,5,2,Nehemiah 5:2,3,ܒܢܝ̈ܢ,,,,Peshitta,PESH
16,Nehemiah,5,2,Nehemiah 5:2,4,ܘܒܢ̈ܬܢ,,,,Peshitta,PESH
16,Nehemiah,5,2,Nehemiah 5:2,5,ܘܐܚܝ̈ܢ,,,,Peshitta,PESH
16,Nehemiah,5,2,Nehemiah 5:2,6,ܣܓܝܐܝܢ,,,,Peshitta,PESH
16,Nehemiah,5,2,Nehemiah 5:2,7,ܢܣܒ,,,,Peshitta,PESH
16,Nehemiah,5,2,Nehemiah 5:2,8,ܥܒܘܪܐ,,,,Peshitta,PESH
16,Nehemiah,5,2,Nehemiah 5:2,9,ܘܢܐܟܘܠ,,,,Peshitta,PESH
16,Nehemiah,5,2,Nehemiah 5:2,10,ܘܢܚܐ,,,,Peshitta,PESH
16,Nehemiah,5,3,Nehemiah 5:3,1,ܘܐܝܬ,,,,Peshitta,PESH
16,Nehemiah,5,3,Nehemiah 5:3,2,ܕܐܡܪܝܢ,,,,Peshitta,PESH
16,Nehemiah,5,3,Nehemiah 5:3,3,ܚܩ̈ܠܬܢ,,,,Peshitta,PESH
16,Nehemiah,5,3,Nehemiah 5:3,4,ܘܒ̈ܬܝܢ,,,,Peshitta,PESH
16,Nehemiah,5,3,Nehemiah 5:3,5,ܘܟܪ̈ܡܝܢ,,,,Peshitta,PESH
16,Nehemiah,5,3,Nehemiah 5:3,6,ܡܙ̇ܒܢܝܢܢ,,,,Peshitta,PESH
16,Nehemiah,5,3,Nehemiah 5:3,7,ܘܢܣܒܝܢܢ,,,,Peshitta,PESH
16,Nehemiah,5,3,Nehemiah 5:3,8,ܥܒܘܪܐ,,,,Peshitta,PESH
16,Nehemiah,5,3,Nehemiah 5:3,9,ܒܟܦܢܐ,,,,Peshitta,PESH
16,Nehemiah,5,3,Nehemiah 5:3,10,ܘܚܝܝܢ,,,,Peshitta,PESH
16,Nehemiah,5,3,Nehemiah 5:3,11,ܚܢܢ,,,,Peshitta,PESH
16,Nehemiah,5,4,Nehemiah 5:4,1,ܘܐܝܬ,,,,Peshitta,PESH
16,Nehemiah,5,4,Nehemiah 5:4,2,ܕܐܡܪܝܢ,,,,Peshitta,PESH
16,Nehemiah,5,4,Nehemiah 5:4,3,ܢܐܙܦ,,,,Peshitta,PESH
16,Nehemiah,5,4,Nehemiah 5:4,4,ܟܣܦܐ,,,,Peshitta,PESH
16,Nehemiah,5,4,Nehemiah 5:4,5,ܡܢ,,,,Peshitta,PESH
16,Nehemiah,5,4,Nehemiah 5:4,6,ܡܕܐܬܐ,,,,Peshitta,PESH
16,Nehemiah,5,4,Nehemiah 5:4,7,ܕܡ̇ܠܟܐ,,,,Peshitta,PESH
16,Nehemiah,5,4,Nehemiah 5:4,8,ܘܢܦܠܘܚ,,,,Peshitta,PESH
16,Nehemiah,5,4,Nehemiah 5:4,9,ܚܩ̈ܠܬܢ,,,,Peshitta,PESH
16,Nehemiah,5,4,Nehemiah 5:4,10,ܘܟܪ̈ܡܝܢ,,,,Peshitta,PESH
16,Nehemiah,5,4,Nehemiah 5:4,11,ܘܢܚܐ,,,,Peshitta,PESH
16,Nehemiah,5,5,Nehemiah 5:5,1,ܘܐܝܬ,,,,Peshitta,PESH
16,Nehemiah,5,5,Nehemiah 5:5,2,ܕܐܡܪܝܢ,,,,Peshitta,PESH
16,Nehemiah,5,5,Nehemiah 5:5,3,ܡܟܝܠ,,,,Peshitta,PESH
16,Nehemiah,5,5,Nehemiah 5:5,4,ܐܝܟ,,,,Peshitta,PESH
16,Nehemiah,5,5,Nehemiah 5:5,5,ܒܣܪܐ,,,,Peshitta,PESH
16,Nehemiah,5,5,Nehemiah 5:5,6,ܕܐܚܝ̈ܢ,,,,Peshitta,PESH
16,Nehemiah,5,5,Nehemiah 5:5,7,ܗܟܢܐ,,,,Peshitta,PESH
16,Nehemiah,5,5,Nehemiah 5:5,8,ܐܦ,,,,Peshitta,PESH
16,Nehemiah,5,5,Nehemiah 5:5,9,ܒܣܪܢ,,,,Peshitta,PESH
16,Nehemiah,5,5,Nehemiah 5:5,10,ܘܐܝܟ,,,,Peshitta,PESH
16,Nehemiah,5,5,Nehemiah 5:5,11,ܒܢܝ̈ܗܘܢ,,,,Peshitta,PESH
16,Nehemiah,5,5,Nehemiah 5:5,12,ܗܟܢܐ,,,,Peshitta,PESH
16,Nehemiah,5,5,Nehemiah 5:5,13,ܐܦ,,,,Peshitta,PESH
16,Nehemiah,5,5,Nehemiah 5:5,14,ܒܢܝ̈ܢ,,,,Peshitta,PESH
16,Nehemiah,5,5,Nehemiah 5:5,15,ܗܐ,,,,Peshitta,PESH
16,Nehemiah,5,5,Nehemiah 5:5,16,ܡܟܝܠ,,,,Peshitta,PESH
16,Nehemiah,5,5,Nehemiah 5:5,17,ܟܒܫܝܢܢ,,,,Peshitta,PESH
16,Nehemiah,5,5,Nehemiah 5:5,18,ܒܢ̈ܝܢ,,,,Peshitta,PESH
16,Nehemiah,5,5,Nehemiah 5:5,19,ܘܒܢ̈ܬܢ,,,,Peshitta,PESH
16,Nehemiah,5,5,Nehemiah 5:5,20,ܠܥ̇ܒ̈ܕܝܢ,,,,Peshitta,PESH
16,Nehemiah,5,5,Nehemiah 5:5,21,ܘܐܝܬ,,,,Peshitta,PESH
16,Nehemiah,5,5,Nehemiah 5:5,22,ܡܢ,,,,Peshitta,PESH
16,Nehemiah,5,5,Nehemiah 5:5,23,ܒܢ̈ܬܢ,,,,Peshitta,PESH
16,Nehemiah,5,5,Nehemiah 5:5,24,ܕܡܬܟ̈ܒܫܢ,,,,Peshitta,PESH
16,Nehemiah,5,5,Nehemiah 5:5,25,ܠܐܡܗ̈ܬܐ,,,,Peshitta,PESH
16,Nehemiah,5,5,Nehemiah 5:5,26,ܘܠܐ,,,,Peshitta,PESH
16,Nehemiah,5,5,Nehemiah 5:5,27,ܡܪܝܡܝܢ,,,,Peshitta,PESH
16,Nehemiah,5,5,Nehemiah 5:5,28,ܩܕܡ,,,,Peshitta,PESH
16,Nehemiah,5,5,Nehemiah 5:5,29,ܐܠܗܐ,,,,Peshitta,PESH
16,Nehemiah,5,5,Nehemiah 5:5,30,ܐܝ̈ܕܝܗܘܢ,,,,Peshitta,PESH
16,Nehemiah,5,5,Nehemiah 5:5,31,ܘܚܩ̈ܠܬܢ,,,,Peshitta,PESH
16,Nehemiah,5,5,Nehemiah 5:5,32,ܘܟܪ̈ܡܝܢ,,,,Peshitta,PESH
16,Nehemiah,5,5,Nehemiah 5:5,33,ܘܢܟܣ̈ܝܢ,,,,Peshitta,PESH
16,Nehemiah,5,5,Nehemiah 5:5,34,ܡܬܝܗܒܝܢ,,,,Peshitta,PESH
16,Nehemiah,5,5,Nehemiah 5:5,35,ܠܐܚܪ̈ܢܐ,,,,Peshitta,PESH
16,Nehemiah,5,6,Nehemiah 5:6,1,ܘܟܪܝܬ,,,,Peshitta,PESH
16,Nehemiah,5,6,Nehemiah 5:6,2,ܠܝ,,,,Peshitta,PESH
16,Nehemiah,5,6,Nehemiah 5:6,3,ܛܒ,,,,Peshitta,PESH
16,Nehemiah,5,6,Nehemiah 5:6,4,ܟܕ,,,,Peshitta,PESH
16,Nehemiah,5,6,Nehemiah 5:6,5,ܫܡ̇ܥܬ,,,,Peshitta,PESH
16,Nehemiah,5,6,Nehemiah 5:6,6,ܐܝܠܠܬܗܘܢ,,,,Peshitta,PESH
16,Nehemiah,5,6,Nehemiah 5:6,7,ܘܡ̈ܠܐ,,,,Peshitta,PESH
16,Nehemiah,5,6,Nehemiah 5:6,8,ܗܠܝܢ,,,,Peshitta,PESH
16,Nehemiah,5,7,Nehemiah 5:7,1,ܘܐܬܬܒܪ,,,,Peshitta,PESH
16,Nehemiah,5,7,Nehemiah 5:7,2,ܠܒܝ,,,,Peshitta,PESH
16,Nehemiah,5,7,Nehemiah 5:7,3,ܒܓܘܝ,,,,Peshitta,PESH
16,Nehemiah,5,7,Nehemiah 5:7,4,ܘܐܓܪܬ,,,,Peshitta,PESH
16,Nehemiah,5,7,Nehemiah 5:7,5,ܪܘܚܝ,,,,Peshitta,PESH
16,Nehemiah,5,7,Nehemiah 5:7,6,ܘܡ̇ܠܠܬ,,,,Peshitta,PESH
16,Nehemiah,5,7,Nehemiah 5:7,7,ܥܡ,,,,Peshitta,PESH
16,Nehemiah,5,7,Nehemiah 5:7,8,ܩܫܝ̈ܫܐ,,,,Peshitta,PESH
16,Nehemiah,5,7,Nehemiah 5:7,9,ܘܥܡ,,,,Peshitta,PESH
16,Nehemiah,5,7,Nehemiah 5:7,10,ܪ̈ܘܪܒܢܐ,,,,Peshitta,PESH
16,Nehemiah,5,8,Nehemiah 5:8,1,ܘܐܡ̇ܪܬ,,,,Peshitta,PESH
16,Nehemiah,5,8,Nehemiah 5:8,2,ܠܗܘܢ,,,,Peshitta,PESH
16,Nehemiah,5,8,Nehemiah 5:8,3,ܕܚܢܢ,,,,Peshitta,PESH
16,Nehemiah,5,8,Nehemiah 5:8,4,ܩܢܝܢ,,,,Peshitta,PESH
16,Nehemiah,5,8,Nehemiah 5:8,5,ܚܢܢ,,,,Peshitta,PESH
16,Nehemiah,5,8,Nehemiah 5:8,6,ܠܐܚܝ̈ܢ,,,,Peshitta,PESH
16,Nehemiah,5,8,Nehemiah 5:8,7,ܝܗܘ̈ܕܝܐ,,,,Peshitta,PESH
16,Nehemiah,5,8,Nehemiah 5:8,8,ܕܡܙܕܒܢܝܢ,,,,Peshitta,PESH
16,Nehemiah,5,8,Nehemiah 5:8,9,ܠܥܡܡ̈ܐ,,,,Peshitta,PESH
16,Nehemiah,5,8,Nehemiah 5:8,10,ܗܢܘܢ,,,,Peshitta,PESH
16,Nehemiah,5,8,Nehemiah 5:8,11,ܘܒܢܝ̈ܗܘܢ,,,,Peshitta,PESH
16,Nehemiah,5,8,Nehemiah 5:8,12,ܓܒܪܐ,,,,Peshitta,PESH
16,Nehemiah,5,8,Nehemiah 5:8,13,ܠܐܚܘܗܝ,,,,Peshitta,PESH
16,Nehemiah,5,8,Nehemiah 5:8,14,ܫܩܠܝܢ,,,,Peshitta,PESH
16,Nehemiah,5,8,Nehemiah 5:8,15,ܐܢܬܘܢ,,,,Peshitta,PESH
16,Nehemiah,5,8,Nehemiah 5:8,16,ܡܛܠ,,,,Peshitta,PESH
16,Nehemiah,5,8,Nehemiah 5:8,17,ܗܢܐ,,,,Peshitta,PESH
16,Nehemiah,5,8,Nehemiah 5:8,18,ܝܗ̇ܒܬ,,,,Peshitta,PESH
16,Nehemiah,5,8,Nehemiah 5:8,19,ܥܠܝܗܘܢ,,,,Peshitta,PESH
16,Nehemiah,5,8,Nehemiah 5:8,20,ܩܠܐ,,,,Peshitta,PESH
16,Nehemiah,5,8,Nehemiah 5:8,21,ܘܐܡ̇ܪܬ,,,,Peshitta,PESH
16,Nehemiah,5,8,Nehemiah 5:8,22,ܠܗܘܢ,,,,Peshitta,PESH
16,Nehemiah,5,8,Nehemiah 5:8,23,ܐܦ,,,,Peshitta,PESH
16,Nehemiah,5,8,Nehemiah 5:8,24,ܐܢܬܘܢ,,,,Peshitta,PESH
16,Nehemiah,5,8,Nehemiah 5:8,25,ܬܙܒܢܘܢ,,,,Peshitta,PESH
16,Nehemiah,5,8,Nehemiah 5:8,26,ܠܐܚܝ̈ܟܘܢ,,,,Peshitta,PESH
16,Nehemiah,5,8,Nehemiah 5:8,27,ܘܫܬܩܘ,,,,Peshitta,PESH
16,Nehemiah,5,8,Nehemiah 5:8,28,ܘܠܐ,,,,Peshitta,PESH
16,Nehemiah,5,8,Nehemiah 5:8,29,ܝܗܒܘ,,,,Peshitta,PESH
16,Nehemiah,5,8,Nehemiah 5:8,30,ܠܝ,,,,Peshitta,PESH
16,Nehemiah,5,8,Nehemiah 5:8,31,ܦܬܓܡ,,,,Peshitta,PESH
16,Nehemiah,5,9,Nehemiah 5:9,1,ܘܐܡ̇ܪܬ,,,,Peshitta,PESH
16,Nehemiah,5,9,Nehemiah 5:9,2,ܠܗܘܢ,,,,Peshitta,PESH
16,Nehemiah,5,9,Nehemiah 5:9,3,ܠܐ,,,,Peshitta,PESH
16,Nehemiah,5,9,Nehemiah 5:9,4,ܫܦܝܪ,,,,Peshitta,PESH
16,Nehemiah,5,9,Nehemiah 5:9,5,ܦܬܓܡܐ,,,,Peshitta,PESH
16,Nehemiah,5,9,Nehemiah 5:9,6,ܕܐܢܬܘܢ,,,,Peshitta,PESH
16,Nehemiah,5,9,Nehemiah 5:9,7,ܥܒܕܝܢ,,,,Peshitta,PESH
16,Nehemiah,5,9,Nehemiah 5:9,8,ܡܟܝܠ,,,,Peshitta,PESH
16,Nehemiah,5,9,Nehemiah 5:9,9,ܒܕܚܠܬܐ,,,,Peshitta,PESH
16,Nehemiah,5,9,Nehemiah 5:9,10,ܕܐܠܗܢ,,,,Peshitta,PESH
16,Nehemiah,5,9,Nehemiah 5:9,11,ܠܐ,,,,Peshitta,PESH
16,Nehemiah,5,9,Nehemiah 5:9,12,ܡܗܠܟܝܢ,,,,Peshitta,PESH
16,Nehemiah,5,9,Nehemiah 5:9,13,ܐܢܬܘܢ,,,,Peshitta,PESH
16,Nehemiah,5,9,Nehemiah 5:9,14,ܡܛܠ,,,,Peshitta,PESH
16,Nehemiah,5,9,Nehemiah 5:9,15,ܕܥܒܕܝܢ,,,,Peshitta,PESH
16,Nehemiah,5,9,Nehemiah 5:9,16,ܐܢܬܘܢ,,,,Peshitta,PESH
16,Nehemiah,5,9,Nehemiah 5:9,17,ܐܝܟ,,,,Peshitta,PESH
16,Nehemiah,5,9,Nehemiah 5:9,18,ܥ̇ܒ̈ܕܐ,,,,Peshitta,PESH
16,Nehemiah,5,9,Nehemiah 5:9,19,ܕܥܡ̈ܡܐ,,,,Peshitta,PESH
16,Nehemiah,5,9,Nehemiah 5:9,20,ܕܒܚܕܪܝܢ,,,,Peshitta,PESH
16,Nehemiah,5,10,Nehemiah 5:10,1,ܘܐܦ,,,,Peshitta,PESH
16,Nehemiah,5,10,Nehemiah 5:10,2,ܐܢܐ,,,,Peshitta,PESH
16,Nehemiah,5,10,Nehemiah 5:10,3,ܘܒܢܝ̈,,,,Peshitta,PESH
16,Nehemiah,5,10,Nehemiah 5:10,4,ܘܐܚܝ̈,,,,Peshitta,PESH
16,Nehemiah,5,10,Nehemiah 5:10,5,ܢܣܒ,,,,Peshitta,PESH
16,Nehemiah,5,10,Nehemiah 5:10,6,ܟܣܦܐ,,,,Peshitta,PESH
16,Nehemiah,5,10,Nehemiah 5:10,7,ܢܙܒܢ,,,,Peshitta,PESH
16,Nehemiah,5,10,Nehemiah 5:10,8,ܥܒܘܪܐ,,,,Peshitta,PESH
16,Nehemiah,5,10,Nehemiah 5:10,9,ܘܢܫܒܘܩ,,,,Peshitta,PESH
16,Nehemiah,5,10,Nehemiah 5:10,10,ܠܡܣ̈ܟܢܐ,,,,Peshitta,PESH
16,Nehemiah,5,10,Nehemiah 5:10,11,ܕܐܝܬ,,,,Peshitta,PESH
16,Nehemiah,5,10,Nehemiah 5:10,12,ܒܥܡܢ,,,,Peshitta,PESH
16,Nehemiah,5,11,Nehemiah 5:11,1,ܘܢܦܢܐ,,,,Peshitta,PESH
16,Nehemiah,5,11,Nehemiah 5:11,2,ܠܗܘܢ,,,,Peshitta,PESH
16,Nehemiah,5,11,Nehemiah 5:11,3,ܚܩ̈ܠܬܗܘܢ,,,,Peshitta,PESH
16,Nehemiah,5,11,Nehemiah 5:11,4,ܘܟܪ̈ܡܝܗܘܢ,,,,Peshitta,PESH
16,Nehemiah,5,11,Nehemiah 5:11,5,ܘܙܝ̈ܬܝܗܘܢ,,,,Peshitta,PESH
16,Nehemiah,5,11,Nehemiah 5:11,6,ܘܒ̈ܬܝܗܘܢ,,,,Peshitta,PESH
16,Nehemiah,5,11,Nehemiah 5:11,7,ܘܟܣܦܐ,,,,Peshitta,PESH
16,Nehemiah,5,11,Nehemiah 5:11,8,ܘܥܒܘܪܐ,,,,Peshitta,PESH
16,Nehemiah,5,11,Nehemiah 5:11,9,ܘܚܡܪܐ,,,,Peshitta,PESH
16,Nehemiah,5,11,Nehemiah 5:11,10,ܘܡܫܚܐ,,,,Peshitta,PESH
16,Nehemiah,5,11,Nehemiah 5:11,11,ܢܫܒܘܩ,,,,Peshitta,PESH
16,Nehemiah,5,11,Nehemiah 5:11,12,ܠܫܪܟܐ,,,,Peshitta,PESH
16,Nehemiah,5,11,Nehemiah 5:11,13,ܕܥܡܐ,,,,Peshitta,PESH
16,Nehemiah,5,12,Nehemiah 5:12,1,ܘܐܡܪܝܢ,,,,Peshitta,PESH
16,Nehemiah,5,12,Nehemiah 5:12,2,ܠܝ,,,,Peshitta,PESH
16,Nehemiah,5,12,Nehemiah 5:12,3,ܗܟܢܐ,,,,Peshitta,PESH
16,Nehemiah,5,12,Nehemiah 5:12,4,ܢܥܒܕ,,,,Peshitta,PESH
16,Nehemiah,5,12,Nehemiah 5:12,5,ܐܝܟ,,,,Peshitta,PESH
16,Nehemiah,5,12,Nehemiah 5:12,6,ܕܐܢܬ,,,,Peshitta,PESH
16,Nehemiah,5,12,Nehemiah 5:12,7,ܐܡ̇ܪ,,,,Peshitta,PESH
16,Nehemiah,5,12,Nehemiah 5:12,8,ܘܩ̇ܪܝܬ,,,,Peshitta,PESH
16,Nehemiah,5,12,Nehemiah 5:12,9,ܠܟܘܡܪ̈ܐ,,,,Peshitta,PESH
16,Nehemiah,5,12,Nehemiah 5:12,10,ܘܐܡ̇ܪܬ,,,,Peshitta,PESH
16,Nehemiah,5,12,Nehemiah 5:12,11,ܠܗܘܢ,,,,Peshitta,PESH
16,Nehemiah,5,12,Nehemiah 5:12,12,ܕܗܟܢܐ,,,,Peshitta,PESH
16,Nehemiah,5,12,Nehemiah 5:12,13,ܘ̇ܠܐ,,,,Peshitta,PESH
16,Nehemiah,5,12,Nehemiah 5:12,14,ܠܡܥܒܕ,,,,Peshitta,PESH
16,Nehemiah,5,12,Nehemiah 5:12,15,ܘܐܘܡ̇ܝܬ,,,,Peshitta,PESH
16,Nehemiah,5,12,Nehemiah 5:12,16,ܐܢܘܢ,,,,Peshitta,PESH
16,Nehemiah,5,12,Nehemiah 5:12,17,ܠܡܥܒܕ,,,,Peshitta,PESH
16,Nehemiah,5,12,Nehemiah 5:12,18,ܐܝܟ,,,,Peshitta,PESH
16,Nehemiah,5,12,Nehemiah 5:12,19,ܦܬܓܡܐ,,,,Peshitta,PESH
16,Nehemiah,5,12,Nehemiah 5:12,20,ܗܢܐ,,,,Peshitta,PESH
16,Nehemiah,5,13,Nehemiah 5:13,1,ܘܐܦ,,,,Peshitta,PESH
16,Nehemiah,5,13,Nehemiah 5:13,2,ܠܛܠܝ̈ܐ,,,,Peshitta,PESH
16,Nehemiah,5,13,Nehemiah 5:13,3,ܕܩܕܩ̈ܐ,,,,Peshitta,PESH
16,Nehemiah,5,13,Nehemiah 5:13,4,ܘܐܡܪܝܢ,,,,Peshitta,PESH
16,Nehemiah,5,13,Nehemiah 5:13,5,ܕܗܟܢܐ,,,,Peshitta,PESH
16,Nehemiah,5,13,Nehemiah 5:13,6,ܢܙܝܥ,,,,Peshitta,PESH
16,Nehemiah,5,13,Nehemiah 5:13,7,ܐܠܗܐ,,,,Peshitta,PESH
16,Nehemiah,5,13,Nehemiah 5:13,8,ܠܟܠ,,,,Peshitta,PESH
16,Nehemiah,5,13,Nehemiah 5:13,9,ܓܒܪ,,,,Peshitta,PESH
16,Nehemiah,5,13,Nehemiah 5:13,10,ܕܠܐ,,,,Peshitta,PESH
16,Nehemiah,5,13,Nehemiah 5:13,11,ܢܩܝܡ,,,,Peshitta,PESH
16,Nehemiah,5,13,Nehemiah 5:13,12,ܥܠ,,,,Peshitta,PESH
16,Nehemiah,5,13,Nehemiah 5:13,13,ܡܠܬܐ,,,,Peshitta,PESH
16,Nehemiah,5,13,Nehemiah 5:13,14,ܗܕܐ,,,,Peshitta,PESH
16,Nehemiah,5,13,Nehemiah 5:13,15,ܡܢ,,,,Peshitta,PESH
16,Nehemiah,5,13,Nehemiah 5:13,16,ܒܝܬܗ,,,,Peshitta,PESH
16,Nehemiah,5,13,Nehemiah 5:13,17,ܘܡܢ,,,,Peshitta,PESH
16,Nehemiah,5,13,Nehemiah 5:13,18,ܠܐܘܬܗ,,,,Peshitta,PESH
16,Nehemiah,5,13,Nehemiah 5:13,19,ܗܟܢܐ,,,,Peshitta,PESH
16,Nehemiah,5,13,Nehemiah 5:13,20,ܢܗܘܐ,,,,Peshitta,PESH
16,Nehemiah,5,13,Nehemiah 5:13,21,ܡܙܝܥ,,,,Peshitta,PESH
16,Nehemiah,5,13,Nehemiah 5:13,22,ܘܪܝܩܢ,,,,Peshitta,PESH
16,Nehemiah,5,13,Nehemiah 5:13,23,ܘܐܡܪܝܢ,,,,Peshitta,PESH
16,Nehemiah,5,13,Nehemiah 5:13,24,ܥܡܐ,,,,Peshitta,PESH
16,Nehemiah,5,13,Nehemiah 5:13,25,ܟܠܗ,,,,Peshitta,PESH
16,Nehemiah,5,13,Nehemiah 5:13,26,ܐܡܝܢ,,,,Peshitta,PESH
16,Nehemiah,5,13,Nehemiah 5:13,27,ܘܩܡܘ,,,,Peshitta,PESH
16,Nehemiah,5,13,Nehemiah 5:13,28,ܥܡܐ,,,,Peshitta,PESH
16,Nehemiah,5,13,Nehemiah 5:13,29,ܟܘܠܗ,,,,Peshitta,PESH
16,Nehemiah,5,13,Nehemiah 5:13,30,ܘܫܒܚܘ,,,,Peshitta,PESH
16,Nehemiah,5,13,Nehemiah 5:13,31,ܠܡܪܝܐ,,,,Peshitta,PESH
16,Nehemiah,5,13,Nehemiah 5:13,32,ܘܥܒܕܘ,,,,Peshitta,PESH
16,Nehemiah,5,13,Nehemiah 5:13,33,ܟܘܠܗ,,,,Peshitta,PESH
16,Nehemiah,5,13,Nehemiah 5:13,34,ܥܡܐ,,,,Peshitta,PESH
16,Nehemiah,5,13,Nehemiah 5:13,35,ܐܝܟ,,,,Peshitta,PESH
16,Nehemiah,5,13,Nehemiah 5:13,36,ܦܬܓܡܐ,,,,Peshitta,PESH
16,Nehemiah,5,13,Nehemiah 5:13,37,ܗܢܐ,,,,Peshitta,PESH
16,Nehemiah,5,14,Nehemiah 5:14,1,ܐܦ,,,,Peshitta,PESH
16,Nehemiah,5,14,Nehemiah 5:14,2,ܡܢ,,,,Peshitta,PESH
16,Nehemiah,5,14,Nehemiah 5:14,3,ܝܘܡܐ,,,,Peshitta,PESH
16,Nehemiah,5,14,Nehemiah 5:14,4,ܕܦܩܕܢܝ,,,,Peshitta,PESH
16,Nehemiah,5,14,Nehemiah 5:14,5,ܠܡܗܘܐ,,,,Peshitta,PESH
16,Nehemiah,5,14,Nehemiah 5:14,6,ܫܠܝܛܐ,,,,Peshitta,PESH
16,Nehemiah,5,14,Nehemiah 5:14,7,ܒܐܪܥܐ,,,,Peshitta,PESH
16,Nehemiah,5,14,Nehemiah 5:14,8,ܕܝܗܘܕ,,,,Peshitta,PESH
16,Nehemiah,5,14,Nehemiah 5:14,9,ܡܢ,,,,Peshitta,PESH
16,Nehemiah,5,14,Nehemiah 5:14,10,ܫܢܬ,,,,Peshitta,PESH
16,Nehemiah,5,14,Nehemiah 5:14,11,ܥܣܪ̈ܝܢ,,,,Peshitta,PESH
16,Nehemiah,5,14,Nehemiah 5:14,12,ܘܥܕܡܐ,,,,Peshitta,PESH
16,Nehemiah,5,14,Nehemiah 5:14,13,ܠܫܢܬ,,,,Peshitta,PESH
16,Nehemiah,5,14,Nehemiah 5:14,14,ܬܠܬܝܢ,,,,Peshitta,PESH
16,Nehemiah,5,14,Nehemiah 5:14,15,ܘܬܪ̈ܬܝܢ,,,,Peshitta,PESH
16,Nehemiah,5,14,Nehemiah 5:14,16,ܠܐܪܛܚܫܫܬ,,,,Peshitta,PESH
16,Nehemiah,5,14,Nehemiah 5:14,17,ܡܠܟܐ,,,,Peshitta,PESH
16,Nehemiah,5,14,Nehemiah 5:14,18,ܫܢ̈ܝܢ,,,,Peshitta,PESH
16,Nehemiah,5,14,Nehemiah 5:14,19,ܬܪܬܥܣܪܐ,,,,Peshitta,PESH
16,Nehemiah,5,14,Nehemiah 5:14,20,ܐܢܐ,,,,Peshitta,PESH
16,Nehemiah,5,14,Nehemiah 5:14,21,ܘܐܚܝ̈,,,,Peshitta,PESH
16,Nehemiah,5,14,Nehemiah 5:14,22,ܗ̇ܘܝܬ,,,,Peshitta,PESH
16,Nehemiah,5,14,Nehemiah 5:14,23,ܠܗܘܢ,,,,Peshitta,PESH
16,Nehemiah,5,14,Nehemiah 5:14,24,ܪܫܐ,,,,Peshitta,PESH
16,Nehemiah,5,14,Nehemiah 5:14,25,ܘܠܐ,,,,Peshitta,PESH
16,Nehemiah,5,14,Nehemiah 5:14,26,ܚܡ̇ܪܐ,,,,Peshitta,PESH
16,Nehemiah,5,14,Nehemiah 5:14,27,ܕܚܕ,,,,Peshitta,PESH
16,Nehemiah,5,14,Nehemiah 5:14,28,ܡܢܗܘܢ,,,,Peshitta,PESH
16,Nehemiah,5,14,Nehemiah 5:14,29,ܕܒ̇ܪܬ,,,,Peshitta,PESH
16,Nehemiah,5,14,Nehemiah 5:14,30,ܘܐܦܠܐ,,,,Peshitta,PESH
16,Nehemiah,5,14,Nehemiah 5:14,31,ܐܗ̇ܪܬ,,,,Peshitta,PESH
16,Nehemiah,5,14,Nehemiah 5:14,32,ܠܐܢܫ,,,,Peshitta,PESH
16,Nehemiah,5,14,Nehemiah 5:14,33,ܡܢܗܘܢ,,,,Peshitta,PESH
16,Nehemiah,5,15,Nehemiah 5:15,1,ܘܫ̈ܠܝܛܐ,,,,Peshitta,PESH
16,Nehemiah,5,15,Nehemiah 5:15,2,ܕܩܕܡܝ,,,,Peshitta,PESH
16,Nehemiah,5,15,Nehemiah 5:15,3,ܫܥܒܕܘܗܝ,,,,Peshitta,PESH
16,Nehemiah,5,15,Nehemiah 5:15,4,ܠܥܡܐ,,,,Peshitta,PESH
16,Nehemiah,5,15,Nehemiah 5:15,5,ܘܢܣܒܘ,,,,Peshitta,PESH
16,Nehemiah,5,15,Nehemiah 5:15,6,ܡܢܗܘܢ,,,,Peshitta,PESH
16,Nehemiah,5,15,Nehemiah 5:15,7,ܚܡ̣ܪܐ,,,,Peshitta,PESH
16,Nehemiah,5,15,Nehemiah 5:15,8,ܘܠܚܡܐ,,,,Peshitta,PESH
16,Nehemiah,5,15,Nehemiah 5:15,9,ܘܟܣܦܐ,,,,Peshitta,PESH
16,Nehemiah,5,15,Nehemiah 5:15,10,ܣܓܝܐܐ,,,,Peshitta,PESH
16,Nehemiah,5,15,Nehemiah 5:15,11,ܠܡܕܐܬܐ,,,,Peshitta,PESH
16,Nehemiah,5,15,Nehemiah 5:15,12,ܥܕܡܐ,,,,Peshitta,PESH
16,Nehemiah,5,15,Nehemiah 5:15,13,ܠܣ̈ܠܥܝܢ,,,,Peshitta,PESH
16,Nehemiah,5,15,Nehemiah 5:15,14,ܐܪܒܥܝܢ,,,,Peshitta,PESH
16,Nehemiah,5,15,Nehemiah 5:15,15,ܐܦ,,,,Peshitta,PESH
16,Nehemiah,5,15,Nehemiah 5:15,16,ܥܒ̣̈ܕܝܗܘܢ,,,,Peshitta,PESH
16,Nehemiah,5,15,Nehemiah 5:15,17,ܐܫܠܛܘ,,,,Peshitta,PESH
16,Nehemiah,5,15,Nehemiah 5:15,18,ܥܠ,,,,Peshitta,PESH
16,Nehemiah,5,15,Nehemiah 5:15,19,ܥܡܐ,,,,Peshitta,PESH
16,Nehemiah,5,15,Nehemiah 5:15,20,ܘܐܫܬܠܛܘ,,,,Peshitta,PESH
16,Nehemiah,5,15,Nehemiah 5:15,21,ܥܠܝܗܘܢ,,,,Peshitta,PESH
16,Nehemiah,5,15,Nehemiah 5:15,22,ܘܐܫܬܢܕܘ,,,,Peshitta,PESH
16,Nehemiah,5,15,Nehemiah 5:15,23,ܒܗܘܢ,,,,Peshitta,PESH
16,Nehemiah,5,15,Nehemiah 5:15,24,ܘܐܢܐ,,,,Peshitta,PESH
16,Nehemiah,5,15,Nehemiah 5:15,25,ܠܐ,,,,Peshitta,PESH
16,Nehemiah,5,15,Nehemiah 5:15,26,ܥܒ̇ܕܬ,,,,Peshitta,PESH
16,Nehemiah,5,15,Nehemiah 5:15,27,ܗܟܢܐ,,,,Peshitta,PESH
16,Nehemiah,5,15,Nehemiah 5:15,28,ܡܢ,,,,Peshitta,PESH
16,Nehemiah,5,15,Nehemiah 5:15,29,ܩܕܡ,,,,Peshitta,PESH
16,Nehemiah,5,15,Nehemiah 5:15,30,ܕܚܠܬܗ,,,,Peshitta,PESH
16,Nehemiah,5,15,Nehemiah 5:15,31,ܕܐܠܗܐ,,,,Peshitta,PESH
16,Nehemiah,5,16,Nehemiah 5:16,1,ܐܦ,,,,Peshitta,PESH
16,Nehemiah,5,16,Nehemiah 5:16,2,ܒܥ̇ܒܕܐ,,,,Peshitta,PESH
16,Nehemiah,5,16,Nehemiah 5:16,3,ܕܫܘܪܐ,,,,Peshitta,PESH
16,Nehemiah,5,16,Nehemiah 5:16,4,ܗܢܐ,,,,Peshitta,PESH
16,Nehemiah,5,16,Nehemiah 5:16,5,ܛܒ,,,,Peshitta,PESH
16,Nehemiah,5,16,Nehemiah 5:16,6,ܐܬܥܫܢ̇ܬ,,,,Peshitta,PESH
16,Nehemiah,5,16,Nehemiah 5:16,7,ܘܚܩ̈ܠܬܐ,,,,Peshitta,PESH
16,Nehemiah,5,16,Nehemiah 5:16,8,ܠܐ,,,,Peshitta,PESH
16,Nehemiah,5,16,Nehemiah 5:16,9,ܙܒ̇ܢܬ,,,,Peshitta,PESH
16,Nehemiah,5,16,Nehemiah 5:16,10,ܘܟܠܗܘܢ,,,,Peshitta,PESH
16,Nehemiah,5,16,Nehemiah 5:16,11,ܛܠܝ̈ܐ,,,,Peshitta,PESH
16,Nehemiah,5,16,Nehemiah 5:16,12,ܒܢ̈ܝ,,,,Peshitta,PESH
16,Nehemiah,5,16,Nehemiah 5:16,13,ܝܗܘ̈ܕܝܐ,,,,Peshitta,PESH
16,Nehemiah,5,16,Nehemiah 5:16,14,ܐܬܟܢܫܘ,,,,Peshitta,PESH
16,Nehemiah,5,16,Nehemiah 5:16,15,ܘܩܡܘ,,,,Peshitta,PESH
16,Nehemiah,5,16,Nehemiah 5:16,16,ܬܡܢ,,,,Peshitta,PESH
16,Nehemiah,5,16,Nehemiah 5:16,17,ܥܠ,,,,Peshitta,PESH
16,Nehemiah,5,16,Nehemiah 5:16,18,ܥ̇ܒ̈ܕܐ,,,,Peshitta,PESH
16,Nehemiah,5,17,Nehemiah 5:17,1,ܘܪ̈ܘܪܒܢܐ,,,,Peshitta,PESH
16,Nehemiah,5,17,Nehemiah 5:17,2,ܘܫ̈ܠܝܛܢܐ,,,,Peshitta,PESH
16,Nehemiah,5,17,Nehemiah 5:17,3,ܡܐܐ,,,,Peshitta,PESH
16,Nehemiah,5,17,Nehemiah 5:17,4,ܘܚܡܫܝܢ,,,,Peshitta,PESH
16,Nehemiah,5,17,Nehemiah 5:17,5,ܓܒܪ̈ܝܢ,,,,Peshitta,PESH
16,Nehemiah,5,17,Nehemiah 5:17,6,ܘܕܐܬܝܢ,,,,Peshitta,PESH
16,Nehemiah,5,17,Nehemiah 5:17,7,ܠܘܬܢ,,,,Peshitta,PESH
16,Nehemiah,5,17,Nehemiah 5:17,8,ܡܢ,,,,Peshitta,PESH
16,Nehemiah,5,17,Nehemiah 5:17,9,ܥܡ̈ܡܐ,,,,Peshitta,PESH
16,Nehemiah,5,17,Nehemiah 5:17,10,ܕܚܕܪܝܢ,,,,Peshitta,PESH
16,Nehemiah,5,17,Nehemiah 5:17,11,ܐܬܝܢ,,,,Peshitta,PESH
16,Nehemiah,5,17,Nehemiah 5:17,12,ܠܘܬܢ,,,,Peshitta,PESH
16,Nehemiah,5,17,Nehemiah 5:17,13,ܐܢܫ,,,,Peshitta,PESH
16,Nehemiah,5,17,Nehemiah 5:17,14,ܒܦܬܘܪܗ,,,,Peshitta,PESH
16,Nehemiah,5,18,Nehemiah 5:18,1,ܘܓܒܪܐ,,,,Peshitta,PESH
16,Nehemiah,5,18,Nehemiah 5:18,2,ܕܥ̇ܒܕ,,,,Peshitta,PESH
16,Nehemiah,5,18,Nehemiah 5:18,3,ܗܘܐ,,,,Peshitta,PESH
16,Nehemiah,5,18,Nehemiah 5:18,4,ܠܚܡܐ,,,,Peshitta,PESH
16,Nehemiah,5,18,Nehemiah 5:18,5,ܡܝܬܐ,,,,Peshitta,PESH
16,Nehemiah,5,18,Nehemiah 5:18,6,ܗܘܐ,,,,Peshitta,PESH
16,Nehemiah,5,18,Nehemiah 5:18,7,ܠܥܒ̣̈ܕܐ,,,,Peshitta,PESH
16,Nehemiah,5,18,Nehemiah 5:18,8,ܕܥܒܕܝܢ,,,,Peshitta,PESH
16,Nehemiah,5,18,Nehemiah 5:18,9,ܬܘܪܐ,,,,Peshitta,PESH
16,Nehemiah,5,18,Nehemiah 5:18,10,ܚܕ,,,,Peshitta,PESH
16,Nehemiah,5,18,Nehemiah 5:18,11,ܘܥ̈ܢܐ,,,,Peshitta,PESH
16,Nehemiah,5,18,Nehemiah 5:18,12,ܫܬ,,,,Peshitta,PESH
16,Nehemiah,5,18,Nehemiah 5:18,13,ܫܡܝ̈ܢܬܐ,,,,Peshitta,PESH
16,Nehemiah,5,18,Nehemiah 5:18,14,ܘܨܦܪ̈ܝܐ,,,,Peshitta,PESH
16,Nehemiah,5,18,Nehemiah 5:18,15,ܐܬܥܒܕܘ,,,,Peshitta,PESH
16,Nehemiah,5,18,Nehemiah 5:18,16,ܠܢ,,,,Peshitta,PESH
16,Nehemiah,5,18,Nehemiah 5:18,17,ܘܚܕܐ,,,,Peshitta,PESH
16,Nehemiah,5,18,Nehemiah 5:18,18,ܠܥܣܪܐ,,,,Peshitta,PESH
16,Nehemiah,5,18,Nehemiah 5:18,19,ܝܘܡ̈ܝܢ,,,,Peshitta,PESH
16,Nehemiah,5,18,Nehemiah 5:18,20,ܚܡ̣ܪܐ,,,,Peshitta,PESH
16,Nehemiah,5,18,Nehemiah 5:18,21,ܣܓܝ,,,,Peshitta,PESH
16,Nehemiah,5,18,Nehemiah 5:18,22,ܘܥܡ,,,,Peshitta,PESH
16,Nehemiah,5,18,Nehemiah 5:18,23,ܗܕܐ,,,,Peshitta,PESH
16,Nehemiah,5,18,Nehemiah 5:18,24,ܠܚܡܐ,,,,Peshitta,PESH
16,Nehemiah,5,18,Nehemiah 5:18,25,ܘܫܠܝܛܘܬܐ,,,,Peshitta,PESH
16,Nehemiah,5,18,Nehemiah 5:18,26,ܠܐ,,,,Peshitta,PESH
16,Nehemiah,5,18,Nehemiah 5:18,27,ܒ̇ܥܝܬ,,,,Peshitta,PESH
16,Nehemiah,5,18,Nehemiah 5:18,28,ܡܛܠ,,,,Peshitta,PESH
16,Nehemiah,5,18,Nehemiah 5:18,29,ܕܥ̣ܫܢ,,,,Peshitta,PESH
16,Nehemiah,5,18,Nehemiah 5:18,30,ܥܒ̇ܕܐ,,,,Peshitta,PESH
16,Nehemiah,5,18,Nehemiah 5:18,31,ܥܠ,,,,Peshitta,PESH
16,Nehemiah,5,18,Nehemiah 5:18,32,ܥܡܐ,,,,Peshitta,PESH
16,Nehemiah,5,18,Nehemiah 5:18,33,ܗܢܐ,,,,Peshitta,PESH
16,Nehemiah,5,19,Nehemiah 5:19,1,ܐܬܕܟܪ,,,,Peshitta,PESH
16,Nehemiah,5,19,Nehemiah 5:19,2,ܠܝ,,,,Peshitta,PESH
16,Nehemiah,5,19,Nehemiah 5:19,3,ܐܠܗܝ,,,,Peshitta,PESH
16,Nehemiah,5,19,Nehemiah 5:19,4,ܠܛܒ,,,,Peshitta,PESH
16,Nehemiah,5,19,Nehemiah 5:19,5,ܟܠܡܕܡ,,,,Peshitta,PESH
16,Nehemiah,5,19,Nehemiah 5:19,6,ܕܥ̇ܒܕܬ,,,,Peshitta,PESH
16,Nehemiah,5,19,Nehemiah 5:19,7,ܚܠܦ,,,,Peshitta,PESH
16,Nehemiah,5,19,Nehemiah 5:19,8,ܥܡܐ,,,,Peshitta,PESH
16,Nehemiah,5,19,Nehemiah 5:19,9,ܗܢܐ,,,,Peshitta,PESH
16,Nehemiah,6,1,Nehemiah 6:1,1,ܗܝܕܝܢ,,,,Peshitta,PESH
16,Nehemiah,6,1,Nehemiah 6:1,2,ܟܕ,,,,Peshitta,PESH
16,Nehemiah,6,1,Nehemiah 6:1,3,ܐܫܬܡܥܬ,,,,Peshitta,PESH
16,Nehemiah,6,1,Nehemiah 6:1,4,ܡܠܬܐ,,,,Peshitta,PESH
16,Nehemiah,6,1,Nehemiah 6:1,5,ܠܣܡܒܠܝܛ,,,,Peshitta,PESH
16,Nehemiah,6,1,Nehemiah 6:1,6,ܘܠܛܘܒܝܐ,,,,Peshitta,PESH
16,Nehemiah,6,1,Nehemiah 6:1,7,ܘܠܓܫܘܡ,,,,Peshitta,PESH
16,Nehemiah,6,1,Nehemiah 6:1,8,ܥܪܒܝܐ,,,,Peshitta,PESH
16,Nehemiah,6,1,Nehemiah 6:1,9,ܘܠܫܪܟܐ,,,,Peshitta,PESH
16,Nehemiah,6,1,Nehemiah 6:1,10,ܕܒܥ̈ܠܕܒܒܝܢ,,,,Peshitta,PESH
16,Nehemiah,6,1,Nehemiah 6:1,11,ܕܒܢܝܢܝܗܝ,,,,Peshitta,PESH
16,Nehemiah,6,1,Nehemiah 6:1,12,ܠܫܘܪܐ,,,,Peshitta,PESH
16,Nehemiah,6,1,Nehemiah 6:1,13,ܘܠܐ,,,,Peshitta,PESH
16,Nehemiah,6,1,Nehemiah 6:1,14,ܒܗ,,,,Peshitta,PESH
16,Nehemiah,6,1,Nehemiah 6:1,15,ܬܘܪܥܬܐ,,,,Peshitta,PESH
16,Nehemiah,6,1,Nehemiah 6:1,16,ܘܥܕܡܐ,,,,Peshitta,PESH
16,Nehemiah,6,1,Nehemiah 6:1,17,ܠܗ,,,,Peshitta,PESH
16,Nehemiah,6,1,Nehemiah 6:1,18,ܠܙܒܢܐ,,,,Peshitta,PESH
16,Nehemiah,6,1,Nehemiah 6:1,19,ܗ̇ܘ,,,,Peshitta,PESH
16,Nehemiah,6,1,Nehemiah 6:1,20,ܦܪ̈ܘܣܬܕܐ,,,,Peshitta,PESH
16,Nehemiah,6,1,Nehemiah 6:1,21,ܕܬܪ̈ܥܐ,,,,Peshitta,PESH
16,Nehemiah,6,1,Nehemiah 6:1,22,ܥܕܟܝܠ,,,,Peshitta,PESH
16,Nehemiah,6,1,Nehemiah 6:1,23,ܠܐ,,,,Peshitta,PESH
16,Nehemiah,6,1,Nehemiah 6:1,24,ܐܩܝܡܝܢ,,,,Peshitta,PESH
16,Nehemiah,6,2,Nehemiah 6:2,1,ܘܫܕܪܘ,,,,Peshitta,PESH
16,Nehemiah,6,2,Nehemiah 6:2,2,ܠܘܬܝ,,,,Peshitta,PESH
16,Nehemiah,6,2,Nehemiah 6:2,3,ܣܡܒܠܝܛ,,,,Peshitta,PESH
16,Nehemiah,6,2,Nehemiah 6:2,4,ܘܓܫܘܡ,,,,Peshitta,PESH
16,Nehemiah,6,2,Nehemiah 6:2,5,ܘܐܡܪܝܢ,,,,Peshitta,PESH
16,Nehemiah,6,2,Nehemiah 6:2,6,ܠܝ,,,,Peshitta,PESH
16,Nehemiah,6,2,Nehemiah 6:2,7,ܬܐ,,,,Peshitta,PESH
16,Nehemiah,6,2,Nehemiah 6:2,8,ܢܐܙܠ,,,,Peshitta,PESH
16,Nehemiah,6,2,Nehemiah 6:2,9,ܐܟܚܕܐ,,,,Peshitta,PESH
16,Nehemiah,6,2,Nehemiah 6:2,10,ܘܢܫܪܐ,,,,Peshitta,PESH
16,Nehemiah,6,2,Nehemiah 6:2,11,ܐܝܟ,,,,Peshitta,PESH
16,Nehemiah,6,2,Nehemiah 6:2,12,ܓܝܣܐ,,,,Peshitta,PESH
16,Nehemiah,6,2,Nehemiah 6:2,13,ܒܦܩܥܬܐ,,,,Peshitta,PESH
16,Nehemiah,6,2,Nehemiah 6:2,14,ܕܐܝܢܘ,,,,Peshitta,PESH
16,Nehemiah,6,2,Nehemiah 6:2,15,ܘܗ̣ܢܘܢ,,,,Peshitta,PESH
16,Nehemiah,6,2,Nehemiah 6:2,16,ܡܬܪܥܝܢ,,,,Peshitta,PESH
16,Nehemiah,6,2,Nehemiah 6:2,17,ܗܘܘ,,,,Peshitta,PESH
16,Nehemiah,6,2,Nehemiah 6:2,18,ܠܡܥܒܕ,,,,Peshitta,PESH
16,Nehemiah,6,2,Nehemiah 6:2,19,ܠܝ,,,,Peshitta,PESH
16,Nehemiah,6,2,Nehemiah 6:2,20,ܒܝܫܬܐ,,,,Peshitta,PESH
16,Nehemiah,6,3,Nehemiah 6:3,1,ܘܫ̇ܕܪܬ,,,,Peshitta,PESH
16,Nehemiah,6,3,Nehemiah 6:3,2,ܠܘܬܗܘܢ,,,,Peshitta,PESH
16,Nehemiah,6,3,Nehemiah 6:3,3,ܡܠܐܟܐ,,,,Peshitta,PESH
16,Nehemiah,6,3,Nehemiah 6:3,4,ܘܐܡ̇ܪܬ,,,,Peshitta,PESH
16,Nehemiah,6,3,Nehemiah 6:3,5,ܠܗܘܢ,,,,Peshitta,PESH
16,Nehemiah,6,3,Nehemiah 6:3,6,ܥ̇ܒܕܐ,,,,Peshitta,PESH
16,Nehemiah,6,3,Nehemiah 6:3,7,ܪܒܐ,,,,Peshitta,PESH
16,Nehemiah,6,3,Nehemiah 6:3,8,ܥ̇ܒܕ,,,,Peshitta,PESH
16,Nehemiah,6,3,Nehemiah 6:3,9,ܐܢܐ,,,,Peshitta,PESH
16,Nehemiah,6,3,Nehemiah 6:3,10,ܘܠܐ,,,,Peshitta,PESH
16,Nehemiah,6,3,Nehemiah 6:3,11,ܡܫܟܚ,,,,Peshitta,PESH
16,Nehemiah,6,3,Nehemiah 6:3,12,ܐܢܐ,,,,Peshitta,PESH
16,Nehemiah,6,3,Nehemiah 6:3,13,ܠܡܚܬ,,,,Peshitta,PESH
16,Nehemiah,6,3,Nehemiah 6:3,14,ܕܠܡܐ,,,,Peshitta,PESH
16,Nehemiah,6,3,Nehemiah 6:3,15,ܢܒܛܠ,,,,Peshitta,PESH
16,Nehemiah,6,3,Nehemiah 6:3,16,ܟܕ,,,,Peshitta,PESH
16,Nehemiah,6,3,Nehemiah 6:3,17,ܐܪܦܐ,,,,Peshitta,PESH
16,Nehemiah,6,3,Nehemiah 6:3,18,ܘܐܚܘܬ,,,,Peshitta,PESH
16,Nehemiah,6,3,Nehemiah 6:3,19,ܠܘܬܟܘܢ,,,,Peshitta,PESH
16,Nehemiah,6,4,Nehemiah 6:4,1,ܘܫܕܪܘ,,,,Peshitta,PESH
16,Nehemiah,6,4,Nehemiah 6:4,2,ܠܘܬܝ,,,,Peshitta,PESH
16,Nehemiah,6,4,Nehemiah 6:4,3,ܐܝܟ,,,,Peshitta,PESH
16,Nehemiah,6,4,Nehemiah 6:4,4,ܦܬܓܡܐ,,,,Peshitta,PESH
16,Nehemiah,6,4,Nehemiah 6:4,5,ܗܢܐ,,,,Peshitta,PESH
16,Nehemiah,6,4,Nehemiah 6:4,6,ܐܪܒܥ,,,,Peshitta,PESH
16,Nehemiah,6,4,Nehemiah 6:4,7,ܙܒ̈ܢܝܢ,,,,Peshitta,PESH
16,Nehemiah,6,4,Nehemiah 6:4,8,ܘܐܬܝ̇ܒܬ,,,,Peshitta,PESH
16,Nehemiah,6,4,Nehemiah 6:4,9,ܐܢܘܢ,,,,Peshitta,PESH
16,Nehemiah,6,4,Nehemiah 6:4,10,ܐܝܟ,,,,Peshitta,PESH
16,Nehemiah,6,4,Nehemiah 6:4,11,ܦܬܓܡܐ,,,,Peshitta,PESH
16,Nehemiah,6,4,Nehemiah 6:4,12,ܗܢܐ,,,,Peshitta,PESH
16,Nehemiah,6,5,Nehemiah 6:5,1,ܘܫܕܪܘ,,,,Peshitta,PESH
16,Nehemiah,6,5,Nehemiah 6:5,2,ܠܘܬܝ,,,,Peshitta,PESH
16,Nehemiah,6,5,Nehemiah 6:5,3,ܣܡܒܠܝܛ,,,,Peshitta,PESH
16,Nehemiah,6,5,Nehemiah 6:5,4,ܐܝܟ,,,,Peshitta,PESH
16,Nehemiah,6,5,Nehemiah 6:5,5,ܦܬܓܡܐ,,,,Peshitta,PESH
16,Nehemiah,6,5,Nehemiah 6:5,6,ܗܢܐ,,,,Peshitta,PESH
16,Nehemiah,6,5,Nehemiah 6:5,7,ܒܙܒܢܬܐ,,,,Peshitta,PESH
16,Nehemiah,6,5,Nehemiah 6:5,8,ܚܡܝܫܝܬܐ,,,,Peshitta,PESH
16,Nehemiah,6,5,Nehemiah 6:5,9,ܠܥܠܝܡܗ,,,,Peshitta,PESH
16,Nehemiah,6,5,Nehemiah 6:5,10,ܘܐܓܪܬܐ,,,,Peshitta,PESH
16,Nehemiah,6,5,Nehemiah 6:5,11,ܒܐܝܕܗ,,,,Peshitta,PESH
16,Nehemiah,6,6,Nehemiah 6:6,1,ܘܟܬܝܒ,,,,Peshitta,PESH
16,Nehemiah,6,6,Nehemiah 6:6,2,ܒܗ̇,,,,Peshitta,PESH
16,Nehemiah,6,6,Nehemiah 6:6,3,ܒܥܡܡ̈ܐ,,,,Peshitta,PESH
16,Nehemiah,6,6,Nehemiah 6:6,4,ܐܫܬܡܥ,,,,Peshitta,PESH
16,Nehemiah,6,6,Nehemiah 6:6,5,ܘܓܫܘܡ,,,,Peshitta,PESH
16,Nehemiah,6,6,Nehemiah 6:6,6,ܐܡ̇ܪ,,,,Peshitta,PESH
16,Nehemiah,6,6,Nehemiah 6:6,7,ܐܢܬ,,,,Peshitta,PESH
16,Nehemiah,6,6,Nehemiah 6:6,8,ܘܝܗܘ̈ܕܝܐ,,,,Peshitta,PESH
16,Nehemiah,6,6,Nehemiah 6:6,9,ܡܬܪܥܝܢ,,,,Peshitta,PESH
16,Nehemiah,6,6,Nehemiah 6:6,10,ܠܡܡܪܕ,,,,Peshitta,PESH
16,Nehemiah,6,6,Nehemiah 6:6,11,ܡܛܠ,,,,Peshitta,PESH
16,Nehemiah,6,6,Nehemiah 6:6,12,ܗܢܐ,,,,Peshitta,PESH
16,Nehemiah,6,6,Nehemiah 6:6,13,ܐܢܬ,,,,Peshitta,PESH
16,Nehemiah,6,6,Nehemiah 6:6,14,ܒ̇ܢܐ,,,,Peshitta,PESH
16,Nehemiah,6,6,Nehemiah 6:6,15,ܫܘܪܐ,,,,Peshitta,PESH
16,Nehemiah,6,6,Nehemiah 6:6,16,ܘܐܢܬ,,,,Peshitta,PESH
16,Nehemiah,6,6,Nehemiah 6:6,17,ܗ̇ܘܐ,,,,Peshitta,PESH
16,Nehemiah,6,6,Nehemiah 6:6,18,ܠܗܘܢ,,,,Peshitta,PESH
16,Nehemiah,6,6,Nehemiah 6:6,19,ܡܠܟܐ,,,,Peshitta,PESH
16,Nehemiah,6,6,Nehemiah 6:6,20,ܐܝܟ,,,,Peshitta,PESH
16,Nehemiah,6,6,Nehemiah 6:6,21,ܦܬܓܡ̈ܐ,,,,Peshitta,PESH
16,Nehemiah,6,6,Nehemiah 6:6,22,ܗܠܝܢ,,,,Peshitta,PESH
16,Nehemiah,6,7,Nehemiah 6:7,1,ܐܦ,,,,Peshitta,PESH
16,Nehemiah,6,7,Nehemiah 6:7,2,ܢܒܝ̈ܐ,,,,Peshitta,PESH
16,Nehemiah,6,7,Nehemiah 6:7,3,ܐܩܝܡܬ,,,,Peshitta,PESH
16,Nehemiah,6,7,Nehemiah 6:7,4,ܠܡܬܢܒܝܘ,,,,Peshitta,PESH
16,Nehemiah,6,7,Nehemiah 6:7,5,ܥܠܝܟ,,,,Peshitta,PESH
16,Nehemiah,6,7,Nehemiah 6:7,6,ܒܐܘܪܫܠܡ,,,,Peshitta,PESH
16,Nehemiah,6,7,Nehemiah 6:7,7,ܘܐܡܪܝܢ,,,,Peshitta,PESH
16,Nehemiah,6,7,Nehemiah 6:7,8,ܕܗܐ,,,,Peshitta,PESH
16,Nehemiah,6,7,Nehemiah 6:7,9,ܐܡܠܟ,,,,Peshitta,PESH
16,Nehemiah,6,7,Nehemiah 6:7,10,ܥܙܪܐ,,,,Peshitta,PESH
16,Nehemiah,6,7,Nehemiah 6:7,11,ܒܝܗܘܕ,,,,Peshitta,PESH
16,Nehemiah,6,7,Nehemiah 6:7,12,ܘܡܟܝܠ,,,,Peshitta,PESH
16,Nehemiah,6,7,Nehemiah 6:7,13,ܐܫܬܡܥ,,,,Peshitta,PESH
16,Nehemiah,6,7,Nehemiah 6:7,14,ܠܡ̇ܠܟܐ,,,,Peshitta,PESH
16,Nehemiah,6,7,Nehemiah 6:7,15,ܐܝܟ,,,,Peshitta,PESH
16,Nehemiah,6,7,Nehemiah 6:7,16,ܡ̈ܠܐ,,,,Peshitta,PESH
16,Nehemiah,6,7,Nehemiah 6:7,17,ܗܠܝܢ,,,,Peshitta,PESH
16,Nehemiah,6,7,Nehemiah 6:7,18,ܡܟܝܠ,,,,Peshitta,PESH
16,Nehemiah,6,7,Nehemiah 6:7,19,ܬܘ,,,,Peshitta,PESH
16,Nehemiah,6,7,Nehemiah 6:7,20,ܢܬܡܠܟ,,,,Peshitta,PESH
16,Nehemiah,6,7,Nehemiah 6:7,21,ܐܟܚܕܐ,,,,Peshitta,PESH
16,Nehemiah,6,8,Nehemiah 6:8,1,ܘܫ̇ܕܪܬ,,,,Peshitta,PESH
16,Nehemiah,6,8,Nehemiah 6:8,2,ܠܘܬܗ,,,,Peshitta,PESH
16,Nehemiah,6,8,Nehemiah 6:8,3,ܘܐܡ̇ܪܬ,,,,Peshitta,PESH
16,Nehemiah,6,8,Nehemiah 6:8,4,ܠܗ,,,,Peshitta,PESH
16,Nehemiah,6,8,Nehemiah 6:8,5,ܠܐ,,,,Peshitta,PESH
16,Nehemiah,6,8,Nehemiah 6:8,6,ܫܦܝܪ,,,,Peshitta,PESH
16,Nehemiah,6,8,Nehemiah 6:8,7,ܕܢܗ̈ܘܝܢ,,,,Peshitta,PESH
16,Nehemiah,6,8,Nehemiah 6:8,8,ܐܝܟ,,,,Peshitta,PESH
16,Nehemiah,6,8,Nehemiah 6:8,9,ܡ̈ܠܐ,,,,Peshitta,PESH
16,Nehemiah,6,8,Nehemiah 6:8,10,ܗܠܝܢ,,,,Peshitta,PESH
16,Nehemiah,6,8,Nehemiah 6:8,11,ܕܐܢܬ,,,,Peshitta,PESH
16,Nehemiah,6,8,Nehemiah 6:8,12,ܐܡ̇ܪ,,,,Peshitta,PESH
16,Nehemiah,6,8,Nehemiah 6:8,13,ܡܛܠ,,,,Peshitta,PESH
16,Nehemiah,6,8,Nehemiah 6:8,14,ܕܡܢ,,,,Peshitta,PESH
16,Nehemiah,6,8,Nehemiah 6:8,15,ܠܒܟ,,,,Peshitta,PESH
16,Nehemiah,6,8,Nehemiah 6:8,16,ܐܢܬ,,,,Peshitta,PESH
16,Nehemiah,6,8,Nehemiah 6:8,17,ܐܡ̇ܪ,,,,Peshitta,PESH
16,Nehemiah,6,8,Nehemiah 6:8,18,ܠܗܝܢ,,,,Peshitta,PESH
16,Nehemiah,6,9,Nehemiah 6:9,1,ܡܛܠ,,,,Peshitta,PESH
16,Nehemiah,6,9,Nehemiah 6:9,2,ܕܟܘܠܗܘܢ,,,,Peshitta,PESH
16,Nehemiah,6,9,Nehemiah 6:9,3,ܡܕܚܠܝܢ,,,,Peshitta,PESH
16,Nehemiah,6,9,Nehemiah 6:9,4,ܠܢ,,,,Peshitta,PESH
16,Nehemiah,6,9,Nehemiah 6:9,5,ܘܐܡܪܝܢ,,,,Peshitta,PESH
16,Nehemiah,6,9,Nehemiah 6:9,6,ܡܬܪ̈ܦܝܢ,,,,Peshitta,PESH
16,Nehemiah,6,9,Nehemiah 6:9,7,ܐܝܕܝ̈ܗܘܢ,,,,Peshitta,PESH
16,Nehemiah,6,9,Nehemiah 6:9,8,ܡܢ,,,,Peshitta,PESH
16,Nehemiah,6,9,Nehemiah 6:9,9,ܥܒܝܕܬܐ,,,,Peshitta,PESH
16,Nehemiah,6,9,Nehemiah 6:9,10,ܘܐܡܪܝܢ,,,,Peshitta,PESH
16,Nehemiah,6,9,Nehemiah 6:9,11,ܠܢ,,,,Peshitta,PESH
16,Nehemiah,6,9,Nehemiah 6:9,12,ܕܠܐ,,,,Peshitta,PESH
16,Nehemiah,6,9,Nehemiah 6:9,13,ܬܥܒܕܘܢ,,,,Peshitta,PESH
16,Nehemiah,6,9,Nehemiah 6:9,14,ܡܟܝܠ,,,,Peshitta,PESH
16,Nehemiah,6,9,Nehemiah 6:9,15,ܐܥܫܢ,,,,Peshitta,PESH
16,Nehemiah,6,9,Nehemiah 6:9,16,ܐܝ̈ܕܝ,,,,Peshitta,PESH
16,Nehemiah,6,10,Nehemiah 6:10,1,ܘܐܢܐ,,,,Peshitta,PESH
16,Nehemiah,6,10,Nehemiah 6:10,2,ܥ̇ܠܬ,,,,Peshitta,PESH
16,Nehemiah,6,10,Nehemiah 6:10,3,ܠܒܝܬ,,,,Peshitta,PESH
16,Nehemiah,6,10,Nehemiah 6:10,4,ܫܡܥܝܐ,,,,Peshitta,PESH
16,Nehemiah,6,10,Nehemiah 6:10,5,ܒܪ,,,,Peshitta,PESH
16,Nehemiah,6,10,Nehemiah 6:10,6,ܕܠܝܐ,,,,Peshitta,PESH
16,Nehemiah,6,10,Nehemiah 6:10,7,ܒܪ,,,,Peshitta,PESH
16,Nehemiah,6,10,Nehemiah 6:10,8,ܡܗܛܒܐܝܠ,,,,Peshitta,PESH
16,Nehemiah,6,10,Nehemiah 6:10,9,ܘܗܘ,,,,Peshitta,PESH
16,Nehemiah,6,10,Nehemiah 6:10,10,ܟ̇ܠܐ,,,,Peshitta,PESH
16,Nehemiah,6,10,Nehemiah 6:10,11,ܗܘܐ,,,,Peshitta,PESH
16,Nehemiah,6,10,Nehemiah 6:10,12,ܘܐܡ̣ܪ,,,,Peshitta,PESH
16,Nehemiah,6,10,Nehemiah 6:10,13,ܠܝ,,,,Peshitta,PESH
16,Nehemiah,6,10,Nehemiah 6:10,14,ܬܐ,,,,Peshitta,PESH
16,Nehemiah,6,10,Nehemiah 6:10,15,ܢܬܘܥܕ,,,,Peshitta,PESH
16,Nehemiah,6,10,Nehemiah 6:10,16,ܠܒܝܬܗ,,,,Peshitta,PESH
16,Nehemiah,6,10,Nehemiah 6:10,17,ܕܡܪܝܐ,,,,Peshitta,PESH
16,Nehemiah,6,10,Nehemiah 6:10,18,ܠܓܘ,,,,Peshitta,PESH
16,Nehemiah,6,10,Nehemiah 6:10,19,ܗܝܟܠܐ,,,,Peshitta,PESH
16,Nehemiah,6,10,Nehemiah 6:10,20,ܘܢܐܚܘܕ,,,,Peshitta,PESH
16,Nehemiah,6,10,Nehemiah 6:10,21,ܬܪ̈ܥܐ,,,,Peshitta,PESH
16,Nehemiah,6,10,Nehemiah 6:10,22,ܕܗܝܟܠܐ,,,,Peshitta,PESH
16,Nehemiah,6,10,Nehemiah 6:10,23,ܡܛܠ,,,,Peshitta,PESH
16,Nehemiah,6,10,Nehemiah 6:10,24,ܕܐܬܝܢ,,,,Peshitta,PESH
16,Nehemiah,6,10,Nehemiah 6:10,25,ܠܡܩܛܠܟ,,,,Peshitta,PESH
16,Nehemiah,6,10,Nehemiah 6:10,26,ܘܒܠܠܝܐ,,,,Peshitta,PESH
16,Nehemiah,6,10,Nehemiah 6:10,27,ܐܬܝܢ,,,,Peshitta,PESH
16,Nehemiah,6,10,Nehemiah 6:10,28,ܠܡܩܛܠܟ,,,,Peshitta,PESH
16,Nehemiah,6,11,Nehemiah 6:11,1,ܘܐܡ̇ܪܬ,,,,Peshitta,PESH
16,Nehemiah,6,11,Nehemiah 6:11,2,ܓܒܪܐ,,,,Peshitta,PESH
16,Nehemiah,6,11,Nehemiah 6:11,3,ܕܐܟܘܬܝ,,,,Peshitta,PESH
16,Nehemiah,6,11,Nehemiah 6:11,4,ܢܥܪܘܩ,,,,Peshitta,PESH
16,Nehemiah,6,11,Nehemiah 6:11,5,ܚܣ,,,,Peshitta,PESH
16,Nehemiah,6,11,Nehemiah 6:11,6,ܠܝ,,,,Peshitta,PESH
16,Nehemiah,6,11,Nehemiah 6:11,7,ܕܐܥܪܘܩ,,,,Peshitta,PESH
16,Nehemiah,6,11,Nehemiah 6:11,8,ܘܐܥܘܠ,,,,Peshitta,PESH
16,Nehemiah,6,11,Nehemiah 6:11,9,ܠܗܝܟܠܐ,,,,Peshitta,PESH
16,Nehemiah,6,12,Nehemiah 6:12,1,ܚ̇ܟܡ,,,,Peshitta,PESH
16,Nehemiah,6,12,Nehemiah 6:12,2,ܐܢܐ,,,,Peshitta,PESH
16,Nehemiah,6,12,Nehemiah 6:12,3,ܕܝܢ,,,,Peshitta,PESH
16,Nehemiah,6,12,Nehemiah 6:12,4,ܕܠܐ,,,,Peshitta,PESH
16,Nehemiah,6,12,Nehemiah 6:12,5,ܗܘܐ,,,,Peshitta,PESH
16,Nehemiah,6,12,Nehemiah 6:12,6,ܐܠܗܐ,,,,Peshitta,PESH
16,Nehemiah,6,12,Nehemiah 6:12,7,ܫܕܪܗ,,,,Peshitta,PESH
16,Nehemiah,6,12,Nehemiah 6:12,8,ܥܠܝ,,,,Peshitta,PESH
16,Nehemiah,6,12,Nehemiah 6:12,9,ܘܐܦܠܐ,,,,Peshitta,PESH
16,Nehemiah,6,12,Nehemiah 6:12,10,ܒܝܕ,,,,Peshitta,PESH
16,Nehemiah,6,12,Nehemiah 6:12,11,ܢܒܝܐ,,,,Peshitta,PESH
16,Nehemiah,6,12,Nehemiah 6:12,12,ܐܬܐܡܪ,,,,Peshitta,PESH
16,Nehemiah,6,12,Nehemiah 6:12,13,ܠܝ,,,,Peshitta,PESH
16,Nehemiah,6,12,Nehemiah 6:12,14,ܕܩ̇ܛܠ,,,,Peshitta,PESH
16,Nehemiah,6,12,Nehemiah 6:12,15,ܠܝ,,,,Peshitta,PESH
16,Nehemiah,6,12,Nehemiah 6:12,16,ܛܘܒܝܐ,,,,Peshitta,PESH
16,Nehemiah,6,12,Nehemiah 6:12,17,ܘܣܡܒܠܝܛ,,,,Peshitta,PESH
16,Nehemiah,6,12,Nehemiah 6:12,18,ܘܚܒܪ̈ܘܗܝ,,,,Peshitta,PESH
16,Nehemiah,6,12,Nehemiah 6:12,19,ܐܓܪܘ,,,,Peshitta,PESH
16,Nehemiah,6,12,Nehemiah 6:12,20,ܘܫܕܪܘܗܝ,,,,Peshitta,PESH
16,Nehemiah,6,12,Nehemiah 6:12,21,ܥܠܝ,,,,Peshitta,PESH
16,Nehemiah,6,12,Nehemiah 6:12,22,ܠܡܩܛܠܢܝ,,,,Peshitta,PESH
16,Nehemiah,6,13,Nehemiah 6:13,1,ܡܛܠ,,,,Peshitta,PESH
16,Nehemiah,6,13,Nehemiah 6:13,2,ܕܐܓܝܪܐ,,,,Peshitta,PESH
16,Nehemiah,6,13,Nehemiah 6:13,3,ܗܘ,,,,Peshitta,PESH
16,Nehemiah,6,13,Nehemiah 6:13,4,ܡܛܠ,,,,Peshitta,PESH
16,Nehemiah,6,13,Nehemiah 6:13,5,ܕܐܕܚܠ,,,,Peshitta,PESH
16,Nehemiah,6,13,Nehemiah 6:13,6,ܘܐܥ̇ܒܕ,,,,Peshitta,PESH
16,Nehemiah,6,13,Nehemiah 6:13,7,ܗܟܢܐ,,,,Peshitta,PESH
16,Nehemiah,6,13,Nehemiah 6:13,8,ܘܐܚ̇ܛܐ,,,,Peshitta,PESH
16,Nehemiah,6,13,Nehemiah 6:13,9,ܘܐܗ̇ܘܐ,,,,Peshitta,PESH
16,Nehemiah,6,13,Nehemiah 6:13,10,ܠܗܘܢ,,,,Peshitta,PESH
16,Nehemiah,6,13,Nehemiah 6:13,11,ܠܫܡܐ,,,,Peshitta,PESH
16,Nehemiah,6,13,Nehemiah 6:13,12,ܒܝܫܐ,,,,Peshitta,PESH
16,Nehemiah,6,13,Nehemiah 6:13,13,ܡܛܠ,,,,Peshitta,PESH
16,Nehemiah,6,13,Nehemiah 6:13,14,ܕܢܚܣܕܘܢܢܝ,,,,Peshitta,PESH
16,Nehemiah,6,14,Nehemiah 6:14,1,ܐܬܕܟܪ,,,,Peshitta,PESH
16,Nehemiah,6,14,Nehemiah 6:14,2,ܐܠܗܝ,,,,Peshitta,PESH
16,Nehemiah,6,14,Nehemiah 6:14,3,ܠܛܘܒܝܐ,,,,Peshitta,PESH
16,Nehemiah,6,14,Nehemiah 6:14,4,ܘܠܣܡܒܠܝܛ,,,,Peshitta,PESH
16,Nehemiah,6,14,Nehemiah 6:14,5,ܘܠܚܒܪ̈ܘܗܝ,,,,Peshitta,PESH
16,Nehemiah,6,14,Nehemiah 6:14,6,ܐܝܟ,,,,Peshitta,PESH
16,Nehemiah,6,14,Nehemiah 6:14,7,ܥ̇ܒ̈ܕܝܗܘܢ,,,,Peshitta,PESH
16,Nehemiah,6,14,Nehemiah 6:14,8,ܗܠܝܢ,,,,Peshitta,PESH
16,Nehemiah,6,14,Nehemiah 6:14,9,ܣܢܝ̈ܐ,,,,Peshitta,PESH
16,Nehemiah,6,14,Nehemiah 6:14,10,ܐܦ,,,,Peshitta,PESH
16,Nehemiah,6,14,Nehemiah 6:14,11,ܠܝܘܕܥܝܐ,,,,Peshitta,PESH
16,Nehemiah,6,14,Nehemiah 6:14,12,ܢܒܝܐ,,,,Peshitta,PESH
16,Nehemiah,6,14,Nehemiah 6:14,13,ܐܦ,,,,Peshitta,PESH
16,Nehemiah,6,14,Nehemiah 6:14,14,ܠܫܪܟܐ,,,,Peshitta,PESH
16,Nehemiah,6,14,Nehemiah 6:14,15,ܕܢܒܝ̈ܐ,,,,Peshitta,PESH
16,Nehemiah,6,14,Nehemiah 6:14,16,ܕܗܘܘ,,,,Peshitta,PESH
16,Nehemiah,6,14,Nehemiah 6:14,17,ܡܕܚܠܝܢ,,,,Peshitta,PESH
16,Nehemiah,6,14,Nehemiah 6:14,18,ܠܝ,,,,Peshitta,PESH
16,Nehemiah,6,14,Nehemiah 6:14,19,ܡܢܗܘܢ,,,,Peshitta,PESH
16,Nehemiah,6,15,Nehemiah 6:15,1,ܘܫ̣ܠܡ,,,,Peshitta,PESH
16,Nehemiah,6,15,Nehemiah 6:15,2,ܫܘܪܐ,,,,Peshitta,PESH
16,Nehemiah,6,15,Nehemiah 6:15,3,ܒܚܡܫܐ,,,,Peshitta,PESH
16,Nehemiah,6,15,Nehemiah 6:15,4,ܘܥܣܪܝܢ,,,,Peshitta,PESH
16,Nehemiah,6,15,Nehemiah 6:15,5,ܒܐܝܠܘܠ,,,,Peshitta,PESH
16,Nehemiah,6,15,Nehemiah 6:15,6,ܠܚܡܫܝܢ,,,,Peshitta,PESH
16,Nehemiah,6,15,Nehemiah 6:15,7,ܘܬܪܝܢ,,,,Peshitta,PESH
16,Nehemiah,6,15,Nehemiah 6:15,8,ܝܘܡ̈ܝܢ,,,,Peshitta,PESH
16,Nehemiah,6,16,Nehemiah 6:16,1,ܗܝܕܝܢ,,,,Peshitta,PESH
16,Nehemiah,6,16,Nehemiah 6:16,2,ܟܕ,,,,Peshitta,PESH
16,Nehemiah,6,16,Nehemiah 6:16,3,ܫܡܥܘ,,,,Peshitta,PESH
16,Nehemiah,6,16,Nehemiah 6:16,4,ܟܠܗܘܢ,,,,Peshitta,PESH
16,Nehemiah,6,16,Nehemiah 6:16,5,ܒܥ̈ܠܕܒܒܝܢ,,,,Peshitta,PESH
16,Nehemiah,6,16,Nehemiah 6:16,6,ܕܚܠܘ,,,,Peshitta,PESH
16,Nehemiah,6,16,Nehemiah 6:16,7,ܟܘܠܗܘܢ,,,,Peshitta,PESH
16,Nehemiah,6,16,Nehemiah 6:16,8,ܥܡܡ̈ܐ,,,,Peshitta,PESH
16,Nehemiah,6,16,Nehemiah 6:16,9,ܕܚܕܪܝܢ,,,,Peshitta,PESH
16,Nehemiah,6,16,Nehemiah 6:16,10,ܘܙܥܘ,,,,Peshitta,PESH
16,Nehemiah,6,16,Nehemiah 6:16,11,ܛܒ,,,,Peshitta,PESH
16,Nehemiah,6,16,Nehemiah 6:16,12,ܡܢ,,,,Peshitta,PESH
16,Nehemiah,6,16,Nehemiah 6:16,13,ܩܕܡܝܢ,,,,Peshitta,PESH
16,Nehemiah,6,16,Nehemiah 6:16,14,ܘܝܕܥܘ,,,,Peshitta,PESH
16,Nehemiah,6,16,Nehemiah 6:16,15,ܕܡܢ,,,,Peshitta,PESH
16,Nehemiah,6,16,Nehemiah 6:16,16,ܩܕܡ,,,,Peshitta,PESH
16,Nehemiah,6,16,Nehemiah 6:16,17,ܐܠܗܐ,,,,Peshitta,PESH
16,Nehemiah,6,16,Nehemiah 6:16,18,ܐܬܥܒܕܬ,,,,Peshitta,PESH
16,Nehemiah,6,16,Nehemiah 6:16,19,ܥܒܝܕܬܐ,,,,Peshitta,PESH
16,Nehemiah,6,16,Nehemiah 6:16,20,ܗܕܐ,,,,Peshitta,PESH
16,Nehemiah,6,17,Nehemiah 6:17,1,ܐܦ,,,,Peshitta,PESH
16,Nehemiah,6,17,Nehemiah 6:17,2,ܒܝܘܡ̈ܬܐ,,,,Peshitta,PESH
16,Nehemiah,6,17,Nehemiah 6:17,3,ܗ̇ܢܘܢ,,,,Peshitta,PESH
16,Nehemiah,6,17,Nehemiah 6:17,4,ܡܣܓܝܢ,,,,Peshitta,PESH
16,Nehemiah,6,17,Nehemiah 6:17,5,ܗܘܘ,,,,Peshitta,PESH
16,Nehemiah,6,17,Nehemiah 6:17,6,ܪ̈ܘܪܒܢܐ,,,,Peshitta,PESH
16,Nehemiah,6,17,Nehemiah 6:17,7,ܕܝܗܘ̈ܕܝܐ,,,,Peshitta,PESH
16,Nehemiah,6,17,Nehemiah 6:17,8,ܐܓܪ̈ܬܗܘܢ,,,,Peshitta,PESH
16,Nehemiah,6,17,Nehemiah 6:17,9,ܘܐܙ̈ܠܢ,,,,Peshitta,PESH
16,Nehemiah,6,17,Nehemiah 6:17,10,ܗܘ̈ܝ,,,,Peshitta,PESH
16,Nehemiah,6,17,Nehemiah 6:17,11,ܠܘܬ,,,,Peshitta,PESH
16,Nehemiah,6,17,Nehemiah 6:17,12,ܛܘܒܝܐ,,,,Peshitta,PESH
16,Nehemiah,6,17,Nehemiah 6:17,13,ܘܐܓܪ̈ܬܗ,,,,Peshitta,PESH
16,Nehemiah,6,17,Nehemiah 6:17,14,ܕܛܘܒܝܐ,,,,Peshitta,PESH
16,Nehemiah,6,17,Nehemiah 6:17,15,ܐܬܝ̈ܢ,,,,Peshitta,PESH
16,Nehemiah,6,17,Nehemiah 6:17,16,ܗܘ̈ܝ,,,,Peshitta,PESH
16,Nehemiah,6,17,Nehemiah 6:17,17,ܠܘܬܗܘܢ,,,,Peshitta,PESH
16,Nehemiah,6,18,Nehemiah 6:18,1,ܡܛܠ,,,,Peshitta,PESH
16,Nehemiah,6,18,Nehemiah 6:18,2,ܕܣܓܝܐ̈ܐ,,,,Peshitta,PESH
16,Nehemiah,6,18,Nehemiah 6:18,3,ܗܘܘ,,,,Peshitta,PESH
16,Nehemiah,6,18,Nehemiah 6:18,4,ܒܝܗܘܕ,,,,Peshitta,PESH
16,Nehemiah,6,18,Nehemiah 6:18,5,ܐܢܫܐ,,,,Peshitta,PESH
16,Nehemiah,6,18,Nehemiah 6:18,6,ܕܝܡܘ,,,,Peshitta,PESH
16,Nehemiah,6,18,Nehemiah 6:18,7,ܠܗ,,,,Peshitta,PESH
16,Nehemiah,6,18,Nehemiah 6:18,8,ܕܠܐ,,,,Peshitta,PESH
16,Nehemiah,6,18,Nehemiah 6:18,9,ܢܗܪܘܢܗ,,,,Peshitta,PESH
16,Nehemiah,6,18,Nehemiah 6:18,10,ܡܛܠ,,,,Peshitta,PESH
16,Nehemiah,6,18,Nehemiah 6:18,11,ܕܚܬܢܐ,,,,Peshitta,PESH
16,Nehemiah,6,18,Nehemiah 6:18,12,ܗܘܐ,,,,Peshitta,PESH
16,Nehemiah,6,18,Nehemiah 6:18,13,ܕܫܟܢܝܐ,,,,Peshitta,PESH
16,Nehemiah,6,18,Nehemiah 6:18,14,ܒܪ,,,,Peshitta,PESH
16,Nehemiah,6,18,Nehemiah 6:18,15,ܐܪܚ,,,,Peshitta,PESH
16,Nehemiah,6,18,Nehemiah 6:18,16,ܘܝܘܚܢܢ,,,,Peshitta,PESH
16,Nehemiah,6,18,Nehemiah 6:18,17,ܒܪܗ,,,,Peshitta,PESH
16,Nehemiah,6,18,Nehemiah 6:18,18,ܢ̣ܣܒ,,,,Peshitta,PESH
16,Nehemiah,6,18,Nehemiah 6:18,19,ܠܒܪܬ,,,,Peshitta,PESH
16,Nehemiah,6,18,Nehemiah 6:18,20,ܡܫܠܘܡ,,,,Peshitta,PESH
16,Nehemiah,6,18,Nehemiah 6:18,21,ܒܪ,,,,Peshitta,PESH
16,Nehemiah,6,18,Nehemiah 6:18,22,ܒܪܟܝܐ,,,,Peshitta,PESH
16,Nehemiah,6,19,Nehemiah 6:19,1,ܐܦ,,,,Peshitta,PESH
16,Nehemiah,6,19,Nehemiah 6:19,2,ܡ̈ܠܘܗܝ,,,,Peshitta,PESH
16,Nehemiah,6,19,Nehemiah 6:19,3,ܛܒ̈ܬܐ,,,,Peshitta,PESH
16,Nehemiah,6,19,Nehemiah 6:19,4,ܐܡܪܝܢ,,,,Peshitta,PESH
16,Nehemiah,6,19,Nehemiah 6:19,5,ܗܘܘ,,,,Peshitta,PESH
16,Nehemiah,6,19,Nehemiah 6:19,6,ܩܕܡܝ,,,,Peshitta,PESH
16,Nehemiah,6,19,Nehemiah 6:19,7,ܘܡܠܬܐ,,,,Peshitta,PESH
16,Nehemiah,6,19,Nehemiah 6:19,8,ܕܐܡ̇ܪ,,,,Peshitta,PESH
16,Nehemiah,6,19,Nehemiah 6:19,9,ܗ̇ܘܝܬ,,,,Peshitta,PESH
16,Nehemiah,6,19,Nehemiah 6:19,10,ܐܡܪܝܢ,,,,Peshitta,PESH
16,Nehemiah,6,19,Nehemiah 6:19,11,ܗܘܘ,,,,Peshitta,PESH
16,Nehemiah,6,19,Nehemiah 6:19,12,ܠܗ,,,,Peshitta,PESH
16,Nehemiah,6,19,Nehemiah 6:19,13,ܘܐܓܪ̈ܬܐ,,,,Peshitta,PESH
16,Nehemiah,6,19,Nehemiah 6:19,14,ܡܫܕܪ,,,,Peshitta,PESH
16,Nehemiah,6,19,Nehemiah 6:19,15,ܗܘܐ,,,,Peshitta,PESH
16,Nehemiah,6,19,Nehemiah 6:19,16,ܗܘ,,,,Peshitta,PESH
16,Nehemiah,6,19,Nehemiah 6:19,17,ܛܘܒܝܐ,,,,Peshitta,PESH
16,Nehemiah,6,19,Nehemiah 6:19,18,ܠܡܕܚܠܘܬܢܝ,,,,Peshitta,PESH
16,Nehemiah,7,1,Nehemiah 7:1,1,ܗܝܕܝܢ,,,,Peshitta,PESH
16,Nehemiah,7,1,Nehemiah 7:1,2,ܟܕ,,,,Peshitta,PESH
16,Nehemiah,7,1,Nehemiah 7:1,3,ܐܬܒܢܝ,,,,Peshitta,PESH
16,Nehemiah,7,1,Nehemiah 7:1,4,ܫܘܪܐ,,,,Peshitta,PESH
16,Nehemiah,7,1,Nehemiah 7:1,5,ܘܩܡ,,,,Peshitta,PESH
16,Nehemiah,7,1,Nehemiah 7:1,6,ܬܪ̈ܥܐ,,,,Peshitta,PESH
16,Nehemiah,7,1,Nehemiah 7:1,7,ܘܐܬܩܝܡܘ,,,,Peshitta,PESH
16,Nehemiah,7,1,Nehemiah 7:1,8,ܦܪ̈ܘܣܬܕܐ,,,,Peshitta,PESH
16,Nehemiah,7,1,Nehemiah 7:1,9,ܘܐܫܬܟܠܠܘ,,,,Peshitta,PESH
16,Nehemiah,7,1,Nehemiah 7:1,10,ܬܪ̈ܥܐ,,,,Peshitta,PESH
16,Nehemiah,7,1,Nehemiah 7:1,11,ܘܡܫܡ̈ܫܢܐ,,,,Peshitta,PESH
16,Nehemiah,7,1,Nehemiah 7:1,12,ܘܠܘ̈ܝܐ,,,,Peshitta,PESH
16,Nehemiah,7,2,Nehemiah 7:2,1,ܦ̇ܩܕܬ,,,,Peshitta,PESH
16,Nehemiah,7,2,Nehemiah 7:2,2,ܠܚܢܢܝ,,,,Peshitta,PESH
16,Nehemiah,7,2,Nehemiah 7:2,3,ܐܚܝ,,,,Peshitta,PESH
16,Nehemiah,7,2,Nehemiah 7:2,4,ܘܠܚܢܢܝܐ,,,,Peshitta,PESH
16,Nehemiah,7,2,Nehemiah 7:2,5,ܫܠܝܛܐ,,,,Peshitta,PESH
16,Nehemiah,7,2,Nehemiah 7:2,6,ܕܒܝܪܬܐ,,,,Peshitta,PESH
16,Nehemiah,7,2,Nehemiah 7:2,7,ܕܐܘܪܫܠܡ,,,,Peshitta,PESH
16,Nehemiah,7,2,Nehemiah 7:2,8,ܡܛܠ,,,,Peshitta,PESH
16,Nehemiah,7,2,Nehemiah 7:2,9,ܕܗܘ,,,,Peshitta,PESH
16,Nehemiah,7,2,Nehemiah 7:2,10,ܗ̣ܘܐ,,,,Peshitta,PESH
16,Nehemiah,7,2,Nehemiah 7:2,11,ܓܒܪܐ,,,,Peshitta,PESH
16,Nehemiah,7,2,Nehemiah 7:2,12,ܬܪܝܨܐ,,,,Peshitta,PESH
16,Nehemiah,7,2,Nehemiah 7:2,13,ܘܕܚ̇ܠ,,,,Peshitta,PESH
16,Nehemiah,7,2,Nehemiah 7:2,14,ܡܢ,,,,Peshitta,PESH
16,Nehemiah,7,2,Nehemiah 7:2,15,ܐܠܗܐ,,,,Peshitta,PESH
16,Nehemiah,7,2,Nehemiah 7:2,16,ܘܣܛܐ,,,,Peshitta,PESH
16,Nehemiah,7,2,Nehemiah 7:2,17,ܡܢ,,,,Peshitta,PESH
16,Nehemiah,7,2,Nehemiah 7:2,18,ܕܒܝܫ,,,,Peshitta,PESH
16,Nehemiah,7,3,Nehemiah 7:3,1,ܘܐܡ̇ܪܬ,,,,Peshitta,PESH
16,Nehemiah,7,3,Nehemiah 7:3,2,ܠܗܘܢ,,,,Peshitta,PESH
16,Nehemiah,7,3,Nehemiah 7:3,3,ܠܐ,,,,Peshitta,PESH
16,Nehemiah,7,3,Nehemiah 7:3,4,ܢܬܦܬܚܘܢ,,,,Peshitta,PESH
16,Nehemiah,7,3,Nehemiah 7:3,5,ܬܪ̈ܥܐ,,,,Peshitta,PESH
16,Nehemiah,7,3,Nehemiah 7:3,6,ܕܐܘܪܫܠܡ,,,,Peshitta,PESH
16,Nehemiah,7,3,Nehemiah 7:3,7,ܥܕܡܐ,,,,Peshitta,PESH
16,Nehemiah,7,3,Nehemiah 7:3,8,ܕܣ̇ܠܩ,,,,Peshitta,PESH
16,Nehemiah,7,3,Nehemiah 7:3,9,ܝܘܡܐ,,,,Peshitta,PESH
16,Nehemiah,7,3,Nehemiah 7:3,10,ܘܥܕ,,,,Peshitta,PESH
16,Nehemiah,7,3,Nehemiah 7:3,11,ܝܘܡܐ,,,,Peshitta,PESH
16,Nehemiah,7,3,Nehemiah 7:3,12,ܩܝܡ,,,,Peshitta,PESH
16,Nehemiah,7,3,Nehemiah 7:3,13,ܢܬܓܝܦܘܢ,,,,Peshitta,PESH
16,Nehemiah,7,3,Nehemiah 7:3,14,ܬܪ̈ܥܐ,,,,Peshitta,PESH
16,Nehemiah,7,3,Nehemiah 7:3,15,ܘܢܬܬܚܕܘܢ,,,,Peshitta,PESH
16,Nehemiah,7,3,Nehemiah 7:3,16,ܘܢܩܘܡܘܢ,,,,Peshitta,PESH
16,Nehemiah,7,3,Nehemiah 7:3,17,ܒܡܛܪܬܐ,,,,Peshitta,PESH
16,Nehemiah,7,3,Nehemiah 7:3,18,ܥܡܘܪ̈ܝܗ̇,,,,Peshitta,PESH
16,Nehemiah,7,3,Nehemiah 7:3,19,ܕܐܘܪܫܠܡ,,,,Peshitta,PESH
16,Nehemiah,7,3,Nehemiah 7:3,20,ܓܒܪ,,,,Peshitta,PESH
16,Nehemiah,7,3,Nehemiah 7:3,21,ܒܡܛܪܬܗ,,,,Peshitta,PESH
16,Nehemiah,7,3,Nehemiah 7:3,22,ܘܓܒܪܐ,,,,Peshitta,PESH
16,Nehemiah,7,3,Nehemiah 7:3,23,ܠܘܩܒܠ,,,,Peshitta,PESH
16,Nehemiah,7,3,Nehemiah 7:3,24,ܒܝܬܗ,,,,Peshitta,PESH
16,Nehemiah,7,4,Nehemiah 7:4,1,ܘܡܕܝܢܬܐ,,,,Peshitta,PESH
16,Nehemiah,7,4,Nehemiah 7:4,2,ܪܒܐ,,,,Peshitta,PESH
16,Nehemiah,7,4,Nehemiah 7:4,3,ܘܦܬܝܐ,,,,Peshitta,PESH
16,Nehemiah,7,4,Nehemiah 7:4,4,ܘܥܡܐ,,,,Peshitta,PESH
16,Nehemiah,7,4,Nehemiah 7:4,5,ܙܥܘܪ,,,,Peshitta,PESH
16,Nehemiah,7,4,Nehemiah 7:4,6,ܗܘܐ,,,,Peshitta,PESH
16,Nehemiah,7,4,Nehemiah 7:4,7,ܒܓܘܗ̇,,,,Peshitta,PESH
16,Nehemiah,7,4,Nehemiah 7:4,8,ܘܠܝܬ,,,,Peshitta,PESH
16,Nehemiah,7,4,Nehemiah 7:4,9,ܗܘܐ,,,,Peshitta,PESH
16,Nehemiah,7,4,Nehemiah 7:4,10,ܠܗܘܢ,,,,Peshitta,PESH
16,Nehemiah,7,4,Nehemiah 7:4,11,ܒ̈ܬܐ,,,,Peshitta,PESH
16,Nehemiah,7,4,Nehemiah 7:4,12,ܕܒ̣ܢܝܢ,,,,Peshitta,PESH
16,Nehemiah,7,5,Nehemiah 7:5,1,ܘܐܪܡܝ,,,,Peshitta,PESH
16,Nehemiah,7,5,Nehemiah 7:5,2,ܐܠܗܝ,,,,Peshitta,PESH
16,Nehemiah,7,5,Nehemiah 7:5,3,ܒܠܒܝ,,,,Peshitta,PESH
16,Nehemiah,7,5,Nehemiah 7:5,4,ܘܟ̇ܢܫܬ,,,,Peshitta,PESH
16,Nehemiah,7,5,Nehemiah 7:5,5,ܠܚܐܪ̈ܐ,,,,Peshitta,PESH
16,Nehemiah,7,5,Nehemiah 7:5,6,ܘܠܪ̈ܘܪܒܢܐ,,,,Peshitta,PESH
16,Nehemiah,7,5,Nehemiah 7:5,7,ܕܥܡܐ,,,,Peshitta,PESH
16,Nehemiah,7,5,Nehemiah 7:5,8,ܠܫܪ̈ܒܬܗܘܢ,,,,Peshitta,PESH
16,Nehemiah,7,5,Nehemiah 7:5,9,ܘܐܫ̇ܟܚܬ,,,,Peshitta,PESH
16,Nehemiah,7,5,Nehemiah 7:5,10,ܣܦ̣ܪܐ,,,,Peshitta,PESH
16,Nehemiah,7,5,Nehemiah 7:5,11,ܕܫܪ̈ܒܬܐ,,,,Peshitta,PESH
16,Nehemiah,7,5,Nehemiah 7:5,12,ܕܣ̣ܠܩܘ,,,,Peshitta,PESH
16,Nehemiah,7,5,Nehemiah 7:5,13,ܒܗ,,,,Peshitta,PESH
16,Nehemiah,7,5,Nehemiah 7:5,14,ܒܩܕܡ̈ܝܬܐ,,,,Peshitta,PESH
16,Nehemiah,7,5,Nehemiah 7:5,15,ܘܐܫ̇ܟܚܬ,,,,Peshitta,PESH
16,Nehemiah,7,5,Nehemiah 7:5,16,ܕܟܬܝܒ,,,,Peshitta,PESH
16,Nehemiah,7,5,Nehemiah 7:5,17,ܒܗ,,,,Peshitta,PESH
16,Nehemiah,7,6,Nehemiah 7:6,1,ܗܠܝܢ,,,,Peshitta,PESH
16,Nehemiah,7,6,Nehemiah 7:6,2,ܒܢ̈ܝ,,,,Peshitta,PESH
16,Nehemiah,7,6,Nehemiah 7:6,3,ܡܕܝܢܬܐ,,,,Peshitta,PESH
16,Nehemiah,7,6,Nehemiah 7:6,4,ܕܣܠܩܘ,,,,Peshitta,PESH
16,Nehemiah,7,6,Nehemiah 7:6,5,ܡܢ,,,,Peshitta,PESH
16,Nehemiah,7,6,Nehemiah 7:6,6,ܫܒܝܐ,,,,Peshitta,PESH
16,Nehemiah,7,6,Nehemiah 7:6,7,ܕܓܠܘܬܐ,,,,Peshitta,PESH
16,Nehemiah,7,6,Nehemiah 7:6,8,ܕܓܠܝ,,,,Peshitta,PESH
16,Nehemiah,7,6,Nehemiah 7:6,9,ܢܒܘܟܕܢܨܪ,,,,Peshitta,PESH
16,Nehemiah,7,6,Nehemiah 7:6,10,ܡܠܟܐ,,,,Peshitta,PESH
16,Nehemiah,7,6,Nehemiah 7:6,11,ܕܒܒܠ,,,,Peshitta,PESH
16,Nehemiah,7,6,Nehemiah 7:6,12,ܘܗܦܟܘ,,,,Peshitta,PESH
16,Nehemiah,7,6,Nehemiah 7:6,13,ܠܐܘܪܫܠܡ,,,,Peshitta,PESH
16,Nehemiah,7,6,Nehemiah 7:6,14,ܘܠܝܗܘܕ,,,,Peshitta,PESH
16,Nehemiah,7,6,Nehemiah 7:6,15,ܓܒܪܐ,,,,Peshitta,PESH
16,Nehemiah,7,6,Nehemiah 7:6,16,ܠܩܪܝܬܗ,,,,Peshitta,PESH
16,Nehemiah,7,7,Nehemiah 7:7,1,ܕܣܠܩܘ,,,,Peshitta,PESH
16,Nehemiah,7,7,Nehemiah 7:7,2,ܥܡ,,,,Peshitta,PESH
16,Nehemiah,7,7,Nehemiah 7:7,3,ܙܘܪܒܒܠ,,,,Peshitta,PESH
16,Nehemiah,7,7,Nehemiah 7:7,4,ܝܫܘܥ,,,,Peshitta,PESH
16,Nehemiah,7,7,Nehemiah 7:7,5,ܢܚܡܝܐ,,,,Peshitta,PESH
16,Nehemiah,7,7,Nehemiah 7:7,6,ܘܥܙܪܝܐ,,,,Peshitta,PESH
16,Nehemiah,7,7,Nehemiah 7:7,7,ܐܪܥܡܝܐ,,,,Peshitta,PESH
16,Nehemiah,7,7,Nehemiah 7:7,8,ܢܚܡܝܐܝܠ,,,,Peshitta,PESH
16,Nehemiah,7,7,Nehemiah 7:7,9,ܡܘܪܕܟܝ,,,,Peshitta,PESH
16,Nehemiah,7,7,Nehemiah 7:7,10,ܒܠܝܫܢ,,,,Peshitta,PESH
16,Nehemiah,7,7,Nehemiah 7:7,11,ܡܣܦܪܘܬ,,,,Peshitta,PESH
16,Nehemiah,7,7,Nehemiah 7:7,12,ܒܓܘܝ,,,,Peshitta,PESH
16,Nehemiah,7,7,Nehemiah 7:7,13,ܢܚܬܘܡ,,,,Peshitta,PESH
16,Nehemiah,7,7,Nehemiah 7:7,14,ܒܥܢܐ,,,,Peshitta,PESH
16,Nehemiah,7,7,Nehemiah 7:7,15,ܡܢܝܢܐ,,,,Peshitta,PESH
16,Nehemiah,7,7,Nehemiah 7:7,16,ܕܐܢܫܐ,,,,Peshitta,PESH
16,Nehemiah,7,7,Nehemiah 7:7,17,ܕܥܡܐ,,,,Peshitta,PESH
16,Nehemiah,7,7,Nehemiah 7:7,18,ܕܐܝܣܪܝܠ,,,,Peshitta,PESH
16,Nehemiah,7,8,Nehemiah 7:8,1,ܒܢ̈ܝ,,,,Peshitta,PESH
16,Nehemiah,7,8,Nehemiah 7:8,2,ܦܪܥܫ,,,,Peshitta,PESH
16,Nehemiah,7,8,Nehemiah 7:8,3,ܬܪ̈ܝܢ,,,,Peshitta,PESH
16,Nehemiah,7,8,Nehemiah 7:8,4,ܐ̈ܠܦܝܢ,,,,Peshitta,PESH
16,Nehemiah,7,8,Nehemiah 7:8,5,ܘܡܐܐ,,,,Peshitta,PESH
16,Nehemiah,7,8,Nehemiah 7:8,6,ܘܫܒܥܝܢ,,,,Peshitta,PESH
16,Nehemiah,7,8,Nehemiah 7:8,7,ܘܬܪܝܢ,,,,Peshitta,PESH
16,Nehemiah,7,9,Nehemiah 7:9,1,ܒܢ̈ܝ,,,,Peshitta,PESH
16,Nehemiah,7,9,Nehemiah 7:9,2,ܫܦܛܝܐ,,,,Peshitta,PESH
16,Nehemiah,7,9,Nehemiah 7:9,3,ܬܠܬܡܐܐ,,,,Peshitta,PESH
16,Nehemiah,7,9,Nehemiah 7:9,4,ܘܫܒܥܝܢ,,,,Peshitta,PESH
16,Nehemiah,7,9,Nehemiah 7:9,5,ܘܬܪ̈ܝܢ,,,,Peshitta,PESH
16,Nehemiah,7,10,Nehemiah 7:10,1,ܒܢ̈ܝ,,,,Peshitta,PESH
16,Nehemiah,7,10,Nehemiah 7:10,2,ܐܪܚ,,,,Peshitta,PESH
16,Nehemiah,7,10,Nehemiah 7:10,3,ܫܬܡܐܐ,,,,Peshitta,PESH
16,Nehemiah,7,10,Nehemiah 7:10,4,ܘܚܡܫܝܢ,,,,Peshitta,PESH
16,Nehemiah,7,10,Nehemiah 7:10,5,ܘܬܪܝܢ,,,,Peshitta,PESH
16,Nehemiah,7,11,Nehemiah 7:11,1,ܒܢ̈ܝ,,,,Peshitta,PESH
16,Nehemiah,7,11,Nehemiah 7:11,2,ܫܘܠܛܢ,,,,Peshitta,PESH
16,Nehemiah,7,11,Nehemiah 7:11,3,ܡܘܐܒ,,,,Peshitta,PESH
16,Nehemiah,7,11,Nehemiah 7:11,4,ܠܒܢ̈ܝ,,,,Peshitta,PESH
16,Nehemiah,7,11,Nehemiah 7:11,5,ܝܫܘܥ,,,,Peshitta,PESH
16,Nehemiah,7,11,Nehemiah 7:11,6,ܘܝܘܐܒ,,,,Peshitta,PESH
16,Nehemiah,7,11,Nehemiah 7:11,7,ܬܪ̈ܝܢ,,,,Peshitta,PESH
16,Nehemiah,7,11,Nehemiah 7:11,8,ܐ̈ܠܦܝܢ,,,,Peshitta,PESH
16,Nehemiah,7,11,Nehemiah 7:11,9,ܘܬܡܢܡܐܐ,,,,Peshitta,PESH
16,Nehemiah,7,11,Nehemiah 7:11,10,ܘܬܡܢܬܥܣܪ,,,,Peshitta,PESH
16,Nehemiah,7,12,Nehemiah 7:12,1,ܒܢ̈ܝ,,,,Peshitta,PESH
16,Nehemiah,7,12,Nehemiah 7:12,2,ܥܝܠܡ,,,,Peshitta,PESH
16,Nehemiah,7,12,Nehemiah 7:12,3,ܐܠܦ,,,,Peshitta,PESH
16,Nehemiah,7,12,Nehemiah 7:12,4,ܘܡܐܬܝܢ,,,,Peshitta,PESH
16,Nehemiah,7,12,Nehemiah 7:12,5,ܘܚܡܫܝܢ,,,,Peshitta,PESH
16,Nehemiah,7,12,Nehemiah 7:12,6,ܘܐܪܒܥܐ,,,,Peshitta,PESH
16,Nehemiah,7,13,Nehemiah 7:13,1,ܒܢ̈ܝ,,,,Peshitta,PESH
16,Nehemiah,7,13,Nehemiah 7:13,2,ܙܬܝܐ,,,,Peshitta,PESH
16,Nehemiah,7,13,Nehemiah 7:13,3,ܬܡܢܡܐܐ,,,,Peshitta,PESH
16,Nehemiah,7,13,Nehemiah 7:13,4,ܘܚܡܫܝܢ,,,,Peshitta,PESH
16,Nehemiah,7,13,Nehemiah 7:13,5,ܘܐܪܒܥܐ,,,,Peshitta,PESH
16,Nehemiah,7,14,Nehemiah 7:14,1,ܒܢ̈ܝ,,,,Peshitta,PESH
16,Nehemiah,7,14,Nehemiah 7:14,2,ܙܟ̇ܝ,,,,Peshitta,PESH
16,Nehemiah,7,14,Nehemiah 7:14,3,ܫܒܥܡܐܐ,,,,Peshitta,PESH
16,Nehemiah,7,14,Nehemiah 7:14,4,ܘܫܬܝܢ,,,,Peshitta,PESH
16,Nehemiah,7,15,Nehemiah 7:15,1,ܒܢ̈ܝ,,,,Peshitta,PESH
16,Nehemiah,7,15,Nehemiah 7:15,2,ܒ̇ܢܝ,,,,Peshitta,PESH
16,Nehemiah,7,15,Nehemiah 7:15,3,ܫܬܡܐܐ,,,,Peshitta,PESH
16,Nehemiah,7,15,Nehemiah 7:15,4,ܘܐܪܒܥܝܢ,,,,Peshitta,PESH
16,Nehemiah,7,15,Nehemiah 7:15,5,ܘܐܪܒܥܐ,,,,Peshitta,PESH
16,Nehemiah,7,16,Nehemiah 7:16,1,ܒܢ̈ܝ,,,,Peshitta,PESH
16,Nehemiah,7,16,Nehemiah 7:16,2,ܒܟܝ,,,,Peshitta,PESH
16,Nehemiah,7,16,Nehemiah 7:16,3,ܫܬܡܐܐ,,,,Peshitta,PESH
16,Nehemiah,7,16,Nehemiah 7:16,4,ܘܥܣܪ̈ܝܢ,,,,Peshitta,PESH
16,Nehemiah,7,16,Nehemiah 7:16,5,ܘܬܡܢܝܐ,,,,Peshitta,PESH
16,Nehemiah,7,17,Nehemiah 7:17,1,ܒܢ̈ܝ,,,,Peshitta,PESH
16,Nehemiah,7,17,Nehemiah 7:17,2,ܥܙܓܪ,,,,Peshitta,PESH
16,Nehemiah,7,17,Nehemiah 7:17,3,ܬܪܝܢ,,,,Peshitta,PESH
16,Nehemiah,7,17,Nehemiah 7:17,4,ܐ̈ܠܦܝܢ,,,,Peshitta,PESH
16,Nehemiah,7,17,Nehemiah 7:17,5,ܘܬܠܬܡܐܐ,,,,Peshitta,PESH
16,Nehemiah,7,17,Nehemiah 7:17,6,ܘܥܣܪܝܢ,,,,Peshitta,PESH
16,Nehemiah,7,17,Nehemiah 7:17,7,ܘܬܪܝܢ,,,,Peshitta,PESH
16,Nehemiah,7,18,Nehemiah 7:18,1,ܒܢ̈ܝ,,,,Peshitta,PESH
16,Nehemiah,7,18,Nehemiah 7:18,2,ܐܪܢܩܘܡ,,,,Peshitta,PESH
16,Nehemiah,7,18,Nehemiah 7:18,3,ܫܬܡܐܐ,,,,Peshitta,PESH
16,Nehemiah,7,18,Nehemiah 7:18,4,ܘܫܬܝܢ,,,,Peshitta,PESH
16,Nehemiah,7,18,Nehemiah 7:18,5,ܘܫܒܥܐ,,,,Peshitta,PESH
16,Nehemiah,7,19,Nehemiah 7:19,1,ܒܢ̈ܝ,,,,Peshitta,PESH
16,Nehemiah,7,19,Nehemiah 7:19,2,ܒܓܘܝ̣,,,,Peshitta,PESH
16,Nehemiah,7,19,Nehemiah 7:19,3,ܬܪܝܢ,,,,Peshitta,PESH
16,Nehemiah,7,19,Nehemiah 7:19,4,ܐ̈ܠܦܝܢ,,,,Peshitta,PESH
16,Nehemiah,7,19,Nehemiah 7:19,5,ܘܐܫܬܝܢ,,,,Peshitta,PESH
16,Nehemiah,7,19,Nehemiah 7:19,6,ܘܫܒܥܐ,,,,Peshitta,PESH
16,Nehemiah,7,20,Nehemiah 7:20,1,ܒܢ̈ܝ,,,,Peshitta,PESH
16,Nehemiah,7,20,Nehemiah 7:20,2,ܥܕܘܢ,,,,Peshitta,PESH
16,Nehemiah,7,20,Nehemiah 7:20,3,ܫܬܡܐܐ,,,,Peshitta,PESH
16,Nehemiah,7,20,Nehemiah 7:20,4,ܘܚܡܫܝܢ,,,,Peshitta,PESH
16,Nehemiah,7,20,Nehemiah 7:20,5,ܘܚܡܫܐ,,,,Peshitta,PESH
16,Nehemiah,7,21,Nehemiah 7:21,1,ܒܢ̈ܝ,,,,Peshitta,PESH
16,Nehemiah,7,21,Nehemiah 7:21,2,ܐܛܪ,,,,Peshitta,PESH
16,Nehemiah,7,21,Nehemiah 7:21,3,ܠܚܙܩܝܐ,,,,Peshitta,PESH
16,Nehemiah,7,21,Nehemiah 7:21,4,ܬܫܥܝܢ,,,,Peshitta,PESH
16,Nehemiah,7,21,Nehemiah 7:21,5,ܘܬܡܢܝܐ,,,,Peshitta,PESH
16,Nehemiah,7,22,Nehemiah 7:22,1,ܒܢ̈ܝ,,,,Peshitta,PESH
16,Nehemiah,7,22,Nehemiah 7:22,2,ܚܫܘܡ,,,,Peshitta,PESH
16,Nehemiah,7,22,Nehemiah 7:22,3,ܬܠܬܡܐܐ,,,,Peshitta,PESH
16,Nehemiah,7,22,Nehemiah 7:22,4,ܘܥܣܪܝܢ,,,,Peshitta,PESH
16,Nehemiah,7,22,Nehemiah 7:22,5,ܘܬܡܢܝܐ,,,,Peshitta,PESH
16,Nehemiah,7,23,Nehemiah 7:23,1,ܒܢ̈ܝ,,,,Peshitta,PESH
16,Nehemiah,7,23,Nehemiah 7:23,2,ܒܨܝ,,,,Peshitta,PESH
16,Nehemiah,7,23,Nehemiah 7:23,3,ܬܠܬܡܐܐ,,,,Peshitta,PESH
16,Nehemiah,7,23,Nehemiah 7:23,4,ܘܥܣܪܝܢ,,,,Peshitta,PESH
16,Nehemiah,7,23,Nehemiah 7:23,5,ܘܐܪܒܥܐ,,,,Peshitta,PESH
16,Nehemiah,7,24,Nehemiah 7:24,1,ܒܢ̈ܝ,,,,Peshitta,PESH
16,Nehemiah,7,24,Nehemiah 7:24,2,ܚܘܪܡ,,,,Peshitta,PESH
16,Nehemiah,7,24,Nehemiah 7:24,3,ܡܐܐ,,,,Peshitta,PESH
16,Nehemiah,7,24,Nehemiah 7:24,4,ܘܬܪܥܣܪ,,,,Peshitta,PESH
16,Nehemiah,7,25,Nehemiah 7:25,1,ܒܢ̈ܝ,,,,Peshitta,PESH
16,Nehemiah,7,25,Nehemiah 7:25,2,ܓܒܥܘܢ,,,,Peshitta,PESH
16,Nehemiah,7,25,Nehemiah 7:25,3,ܬܫܥܝܢ,,,,Peshitta,PESH
16,Nehemiah,7,25,Nehemiah 7:25,4,ܘܚܡܫܐ,,,,Peshitta,PESH
16,Nehemiah,7,26,Nehemiah 7:26,1,ܐܢ̈ܫܝ,,,,Peshitta,PESH
16,Nehemiah,7,26,Nehemiah 7:26,2,ܒܝܬ,,,,Peshitta,PESH
16,Nehemiah,7,26,Nehemiah 7:26,3,ܠܚܡ,,,,Peshitta,PESH
16,Nehemiah,7,26,Nehemiah 7:26,4,ܘܢܘܛܦܐ,,,,Peshitta,PESH
16,Nehemiah,7,26,Nehemiah 7:26,5,ܡܐܐ,,,,Peshitta,PESH
16,Nehemiah,7,26,Nehemiah 7:26,6,ܘܬܡܢܐܝܢ,,,,Peshitta,PESH
16,Nehemiah,7,26,Nehemiah 7:26,7,ܘܬܡܢܝܐ,,,,Peshitta,PESH
16,Nehemiah,7,27,Nehemiah 7:27,1,ܐܢ̈ܫܝ,,,,Peshitta,PESH
16,Nehemiah,7,27,Nehemiah 7:27,2,ܥܢܬܘܬ,,,,Peshitta,PESH
16,Nehemiah,7,27,Nehemiah 7:27,3,ܡܐܐ,,,,Peshitta,PESH
16,Nehemiah,7,27,Nehemiah 7:27,4,ܘܥܣܪܝܢ,,,,Peshitta,PESH
16,Nehemiah,7,27,Nehemiah 7:27,5,ܘܬܡܢܝܐ,,,,Peshitta,PESH
16,Nehemiah,7,28,Nehemiah 7:28,1,ܐܢ̈ܫܝ,,,,Peshitta,PESH
16,Nehemiah,7,28,Nehemiah 7:28,2,ܒܝܬ,,,,Peshitta,PESH
16,Nehemiah,7,28,Nehemiah 7:28,3,ܥܪܡܘܬ,,,,Peshitta,PESH
16,Nehemiah,7,28,Nehemiah 7:28,4,ܐܪܒܥܝܢ,,,,Peshitta,PESH
16,Nehemiah,7,28,Nehemiah 7:28,5,ܘܬܪܝܢ,,,,Peshitta,PESH
16,Nehemiah,7,29,Nehemiah 7:29,1,ܐܢ̈ܫܝ,,,,Peshitta,PESH
16,Nehemiah,7,29,Nehemiah 7:29,2,ܒܝܬ,,,,Peshitta,PESH
16,Nehemiah,7,29,Nehemiah 7:29,3,ܢܥܪܝܢ,,,,Peshitta,PESH
16,Nehemiah,7,29,Nehemiah 7:29,4,ܘܟܦܝܪܐ,,,,Peshitta,PESH
16,Nehemiah,7,29,Nehemiah 7:29,5,ܘܒܪܐܘܬ,,,,Peshitta,PESH
16,Nehemiah,7,29,Nehemiah 7:29,6,ܫܒܥܡܐܐ,,,,Peshitta,PESH
16,Nehemiah,7,29,Nehemiah 7:29,7,ܘܐܪܒܥܝܢ,,,,Peshitta,PESH
16,Nehemiah,7,29,Nehemiah 7:29,8,ܘܬܠܬܐ,,,,Peshitta,PESH
16,Nehemiah,7,30,Nehemiah 7:30,1,ܐܢ̈ܫܝ,,,,Peshitta,PESH
16,Nehemiah,7,30,Nehemiah 7:30,2,ܓܒܥ,,,,Peshitta,PESH
16,Nehemiah,7,30,Nehemiah 7:30,3,ܘܪܡܬܐ,,,,Peshitta,PESH
16,Nehemiah,7,30,Nehemiah 7:30,4,ܫܒܥܡܐܐ,,,,Peshitta,PESH
16,Nehemiah,7,30,Nehemiah 7:30,5,ܘܥܣܪܝܢ,,,,Peshitta,PESH
16,Nehemiah,7,30,Nehemiah 7:30,6,ܘܚܕ,,,,Peshitta,PESH
16,Nehemiah,7,31,Nehemiah 7:31,1,ܐܢ̈ܫܝ,,,,Peshitta,PESH
16,Nehemiah,7,31,Nehemiah 7:31,2,ܡܟܡܣ,,,,Peshitta,PESH
16,Nehemiah,7,31,Nehemiah 7:31,3,ܡܐܐ,,,,Peshitta,PESH
16,Nehemiah,7,31,Nehemiah 7:31,4,ܘܥܣܪܝܢ,,,,Peshitta,PESH
16,Nehemiah,7,31,Nehemiah 7:31,5,ܘܬܪܝܢ,,,,Peshitta,PESH
16,Nehemiah,7,32,Nehemiah 7:32,1,ܐܢ̈ܫܝ,,,,Peshitta,PESH
16,Nehemiah,7,32,Nehemiah 7:32,2,ܒܝܬ,,,,Peshitta,PESH
16,Nehemiah,7,32,Nehemiah 7:32,3,ܐܝܠ,,,,Peshitta,PESH
16,Nehemiah,7,32,Nehemiah 7:32,4,ܘܥܝ,,,,Peshitta,PESH
16,Nehemiah,7,32,Nehemiah 7:32,5,ܡܐܐ,,,,Peshitta,PESH
16,Nehemiah,7,32,Nehemiah 7:32,6,ܘܥܣܪܝܢ,,,,Peshitta,PESH
16,Nehemiah,7,32,Nehemiah 7:32,7,ܘܬܠܬܐ,,,,Peshitta,PESH
16,Nehemiah,7,33,Nehemiah 7:33,1,ܐܢ̈ܫܝ,,,,Peshitta,PESH
16,Nehemiah,7,33,Nehemiah 7:33,2,ܢܒܘ,,,,Peshitta,PESH
16,Nehemiah,7,33,Nehemiah 7:33,3,ܚܡܫܝܢ,,,,Peshitta,PESH
16,Nehemiah,7,33,Nehemiah 7:33,4,ܘܬܪܝܢ,,,,Peshitta,PESH
16,Nehemiah,7,34,Nehemiah 7:34,1,ܕܒܝܬ,,,,Peshitta,PESH
16,Nehemiah,7,34,Nehemiah 7:34,2,ܥܝܠܡ,,,,Peshitta,PESH
16,Nehemiah,7,34,Nehemiah 7:34,3,ܐܠܦ,,,,Peshitta,PESH
16,Nehemiah,7,34,Nehemiah 7:34,4,ܘܡܐܬܝܢ,,,,Peshitta,PESH
16,Nehemiah,7,34,Nehemiah 7:34,5,ܘܚܡܫܝܢ,,,,Peshitta,PESH
16,Nehemiah,7,34,Nehemiah 7:34,6,ܘܐܪܒܥܐ,,,,Peshitta,PESH
16,Nehemiah,7,35,Nehemiah 7:35,1,ܒܢ̈ܝ,,,,Peshitta,PESH
16,Nehemiah,7,35,Nehemiah 7:35,2,ܚܪܡ,,,,Peshitta,PESH
16,Nehemiah,7,35,Nehemiah 7:35,3,ܬܠܬܡܐܐ,,,,Peshitta,PESH
16,Nehemiah,7,35,Nehemiah 7:35,4,ܘܥܣܪܝܢ,,,,Peshitta,PESH
16,Nehemiah,7,36,Nehemiah 7:36,1,ܒܢ̈ܝ,,,,Peshitta,PESH
16,Nehemiah,7,36,Nehemiah 7:36,2,ܐܝܪܝܚܘ,,,,Peshitta,PESH
16,Nehemiah,7,36,Nehemiah 7:36,3,ܬܠܬܡܐܐ,,,,Peshitta,PESH
16,Nehemiah,7,36,Nehemiah 7:36,4,ܘܐܪܒܥܝܢ,,,,Peshitta,PESH
16,Nehemiah,7,36,Nehemiah 7:36,5,ܘܚܡܫܐ,,,,Peshitta,PESH
16,Nehemiah,7,37,Nehemiah 7:37,1,ܒܢ̈ܝ,,,,Peshitta,PESH
16,Nehemiah,7,37,Nehemiah 7:37,2,ܠܘܕ,,,,Peshitta,PESH
16,Nehemiah,7,37,Nehemiah 7:37,3,ܘܐܘܢܘ,,,,Peshitta,PESH
16,Nehemiah,7,37,Nehemiah 7:37,4,ܫܒܥܡܐܐ,,,,Peshitta,PESH
16,Nehemiah,7,37,Nehemiah 7:37,5,ܘܥܣܪܝܢ,,,,Peshitta,PESH
16,Nehemiah,7,37,Nehemiah 7:37,6,ܘܚܕ,,,,Peshitta,PESH
16,Nehemiah,7,38,Nehemiah 7:38,1,ܒܢ̈ܝ,,,,Peshitta,PESH
16,Nehemiah,7,38,Nehemiah 7:38,2,ܣܢܐܐ,,,,Peshitta,PESH
16,Nehemiah,7,38,Nehemiah 7:38,3,ܬܠܬܐ,,,,Peshitta,PESH
16,Nehemiah,7,38,Nehemiah 7:38,4,ܐܠܦ̈ܝܢ,,,,Peshitta,PESH
16,Nehemiah,7,38,Nehemiah 7:38,5,ܘܬܫܥܡܐܐ,,,,Peshitta,PESH
16,Nehemiah,7,38,Nehemiah 7:38,6,ܘܬܠܬܝܢ,,,,Peshitta,PESH
16,Nehemiah,7,39,Nehemiah 7:39,1,ܟܗ̈ܢܐ,,,,Peshitta,PESH
16,Nehemiah,7,39,Nehemiah 7:39,2,ܒܢ̈ܝ,,,,Peshitta,PESH
16,Nehemiah,7,39,Nehemiah 7:39,3,ܝܕܥܝܐ,,,,Peshitta,PESH
16,Nehemiah,7,39,Nehemiah 7:39,4,ܠܒܝܬ,,,,Peshitta,PESH
16,Nehemiah,7,39,Nehemiah 7:39,5,ܝܫܘܥ,,,,Peshitta,PESH
16,Nehemiah,7,39,Nehemiah 7:39,6,ܬܫܥܡܐܐ,,,,Peshitta,PESH
16,Nehemiah,7,39,Nehemiah 7:39,7,ܘܫܒܥܝܢ,,,,Peshitta,PESH
16,Nehemiah,7,39,Nehemiah 7:39,8,ܘܬܠܬܐ,,,,Peshitta,PESH
16,Nehemiah,7,40,Nehemiah 7:40,1,ܒܢ̈ܝ,,,,Peshitta,PESH
16,Nehemiah,7,40,Nehemiah 7:40,2,ܐܡܝܪ,,,,Peshitta,PESH
16,Nehemiah,7,40,Nehemiah 7:40,3,ܐܠܦ,,,,Peshitta,PESH
16,Nehemiah,7,40,Nehemiah 7:40,4,ܘܚܡܫܝܢ,,,,Peshitta,PESH
16,Nehemiah,7,40,Nehemiah 7:40,5,ܘܬܪܝܢ,,,,Peshitta,PESH
16,Nehemiah,7,41,Nehemiah 7:41,1,ܒܢ̈ܝ,,,,Peshitta,PESH
16,Nehemiah,7,41,Nehemiah 7:41,2,ܦܫܚܘܪ,,,,Peshitta,PESH
16,Nehemiah,7,41,Nehemiah 7:41,3,ܐܠܦ,,,,Peshitta,PESH
16,Nehemiah,7,41,Nehemiah 7:41,4,ܘܡܐܬܝܢ,,,,Peshitta,PESH
16,Nehemiah,7,41,Nehemiah 7:41,5,ܘܐܪܒܥܝܢ,,,,Peshitta,PESH
16,Nehemiah,7,41,Nehemiah 7:41,6,ܘܫܒܥܐ,,,,Peshitta,PESH
16,Nehemiah,7,42,Nehemiah 7:42,1,ܒܢ̈ܝ,,,,Peshitta,PESH
16,Nehemiah,7,42,Nehemiah 7:42,2,ܚܕܘܡ,,,,Peshitta,PESH
16,Nehemiah,7,42,Nehemiah 7:42,3,ܐܠܦ,,,,Peshitta,PESH
16,Nehemiah,7,42,Nehemiah 7:42,4,ܘܫܒܬܥܣܪ,,,,Peshitta,PESH
16,Nehemiah,7,43,Nehemiah 7:43,1,ܠܘ̈ܝܐ,,,,Peshitta,PESH
16,Nehemiah,7,43,Nehemiah 7:43,2,ܒܢ̈ܝ,,,,Peshitta,PESH
16,Nehemiah,7,43,Nehemiah 7:43,3,ܝܫܘܥ,,,,Peshitta,PESH
16,Nehemiah,7,43,Nehemiah 7:43,4,ܠܩܕܡܐܝܠ,,,,Peshitta,PESH
16,Nehemiah,7,43,Nehemiah 7:43,5,ܠܒܢ̈ܝ,,,,Peshitta,PESH
16,Nehemiah,7,43,Nehemiah 7:43,6,ܗܘܕܝܐ,,,,Peshitta,PESH
16,Nehemiah,7,43,Nehemiah 7:43,7,ܫܒܥܝܢ,,,,Peshitta,PESH
16,Nehemiah,7,43,Nehemiah 7:43,8,ܘܐܪܒܥܐ,,,,Peshitta,PESH
16,Nehemiah,7,44,Nehemiah 7:44,1,ܡܫܡ̈ܫܢܐ,,,,Peshitta,PESH
16,Nehemiah,7,44,Nehemiah 7:44,2,ܒܢ̈ܝ,,,,Peshitta,PESH
16,Nehemiah,7,44,Nehemiah 7:44,3,ܐܣܦ,,,,Peshitta,PESH
16,Nehemiah,7,44,Nehemiah 7:44,4,ܡܐܐ,,,,Peshitta,PESH
16,Nehemiah,7,44,Nehemiah 7:44,5,ܘܐܪܒܥܝܢ,,,,Peshitta,PESH
16,Nehemiah,7,44,Nehemiah 7:44,6,ܘܬܡܢܝܐ,,,,Peshitta,PESH
16,Nehemiah,7,45,Nehemiah 7:45,1,ܘܬܪ̈ܥܐ,,,,Peshitta,PESH
16,Nehemiah,7,45,Nehemiah 7:45,2,ܒܢ̈ܝ,,,,Peshitta,PESH
16,Nehemiah,7,45,Nehemiah 7:45,3,ܫܠܘܡ,,,,Peshitta,PESH
16,Nehemiah,7,45,Nehemiah 7:45,4,ܒܢ̈ܝ,,,,Peshitta,PESH
16,Nehemiah,7,45,Nehemiah 7:45,5,ܐܛܪ,,,,Peshitta,PESH
16,Nehemiah,7,45,Nehemiah 7:45,6,ܒܢ̈ܝ,,,,Peshitta,PESH
16,Nehemiah,7,45,Nehemiah 7:45,7,ܐܛܠܡܢ,,,,Peshitta,PESH
16,Nehemiah,7,45,Nehemiah 7:45,8,ܒܢ̈ܝ,,,,Peshitta,PESH
16,Nehemiah,7,45,Nehemiah 7:45,9,ܥܩܘܦ,,,,Peshitta,PESH
16,Nehemiah,7,45,Nehemiah 7:45,10,ܒܢ̈ܝ,,,,Peshitta,PESH
16,Nehemiah,7,45,Nehemiah 7:45,11,ܚܛܘܛܐ,,,,Peshitta,PESH
16,Nehemiah,7,45,Nehemiah 7:45,12,ܒܢ̈ܝ,,,,Peshitta,PESH
16,Nehemiah,7,45,Nehemiah 7:45,13,ܫܒܝ,,,,Peshitta,PESH
16,Nehemiah,7,45,Nehemiah 7:45,14,ܡܐܐ,,,,Peshitta,PESH
16,Nehemiah,7,45,Nehemiah 7:45,15,ܘܬܠܬܝܢ,,,,Peshitta,PESH
16,Nehemiah,7,45,Nehemiah 7:45,16,ܘܬܡܢܝܐ,,,,Peshitta,PESH
16,Nehemiah,7,46,Nehemiah 7:46,1,ܓܒܪ̈ܐ,,,,Peshitta,PESH
16,Nehemiah,7,46,Nehemiah 7:46,2,ܒܢ̈ܝ,,,,Peshitta,PESH
16,Nehemiah,7,46,Nehemiah 7:46,3,ܐܨܚܐ,,,,Peshitta,PESH
16,Nehemiah,7,46,Nehemiah 7:46,4,ܒܢ̈ܝ,,,,Peshitta,PESH
16,Nehemiah,7,46,Nehemiah 7:46,5,ܚܫܘܦܐ,,,,Peshitta,PESH
16,Nehemiah,7,46,Nehemiah 7:46,6,ܒܢ̈ܝ,,,,Peshitta,PESH
16,Nehemiah,7,46,Nehemiah 7:46,7,ܛܒܥܘܬ,,,,Peshitta,PESH
16,Nehemiah,7,47,Nehemiah 7:47,1,ܒܢ̈ܝ,,,,Peshitta,PESH
16,Nehemiah,7,47,Nehemiah 7:47,2,ܩܪܣ,,,,Peshitta,PESH
16,Nehemiah,7,47,Nehemiah 7:47,3,ܒܢ̈ܝ,,,,Peshitta,PESH
16,Nehemiah,7,47,Nehemiah 7:47,4,ܫܥܝܐ,,,,Peshitta,PESH
16,Nehemiah,7,47,Nehemiah 7:47,5,ܒܢ̈ܝ,,,,Peshitta,PESH
16,Nehemiah,7,47,Nehemiah 7:47,6,ܦܪܘܢ,,,,Peshitta,PESH
16,Nehemiah,7,48,Nehemiah 7:48,1,ܒܢ̈ܝ,,,,Peshitta,PESH
16,Nehemiah,7,48,Nehemiah 7:48,2,ܠܒܢܐ,,,,Peshitta,PESH
16,Nehemiah,7,48,Nehemiah 7:48,3,ܒܢ̈ܝ,,,,Peshitta,PESH
16,Nehemiah,7,48,Nehemiah 7:48,4,ܚܓܒܐ,,,,Peshitta,PESH
16,Nehemiah,7,48,Nehemiah 7:48,5,ܒܢ̈ܝ,,,,Peshitta,PESH
16,Nehemiah,7,48,Nehemiah 7:48,6,ܫܠܡܝ,,,,Peshitta,PESH
16,Nehemiah,7,49,Nehemiah 7:49,1,ܒܢ̈ܝ,,,,Peshitta,PESH
16,Nehemiah,7,49,Nehemiah 7:49,2,ܚܢܢܝ,,,,Peshitta,PESH
16,Nehemiah,7,49,Nehemiah 7:49,3,ܒܢ̈ܝ,,,,Peshitta,PESH
16,Nehemiah,7,49,Nehemiah 7:49,4,ܥܕܐ,,,,Peshitta,PESH
16,Nehemiah,7,49,Nehemiah 7:49,5,ܒܢ̈ܝ,,,,Peshitta,PESH
16,Nehemiah,7,49,Nehemiah 7:49,6,ܚܓܪ,,,,Peshitta,PESH
16,Nehemiah,7,50,Nehemiah 7:50,1,ܒܢ̈ܝ,,,,Peshitta,PESH
16,Nehemiah,7,50,Nehemiah 7:50,2,ܐܢܐ,,,,Peshitta,PESH
16,Nehemiah,7,50,Nehemiah 7:50,3,ܒܢ̈ܝ,,,,Peshitta,PESH
16,Nehemiah,7,50,Nehemiah 7:50,4,ܕܝܨܘܢ,,,,Peshitta,PESH
16,Nehemiah,7,50,Nehemiah 7:50,5,ܒܢ̈ܝ,,,,Peshitta,PESH
16,Nehemiah,7,50,Nehemiah 7:50,6,ܕܩܘܪܐ,,,,Peshitta,PESH
16,Nehemiah,7,51,Nehemiah 7:51,1,ܒܢ̈ܝ,,,,Peshitta,PESH
16,Nehemiah,7,51,Nehemiah 7:51,2,ܓܙܡ,,,,Peshitta,PESH
16,Nehemiah,7,51,Nehemiah 7:51,3,ܒܢ̈ܝ,,,,Peshitta,PESH
16,Nehemiah,7,51,Nehemiah 7:51,4,ܥܕܐ,,,,Peshitta,PESH
16,Nehemiah,7,51,Nehemiah 7:51,5,ܒܢ̈ܝ,,,,Peshitta,PESH
16,Nehemiah,7,51,Nehemiah 7:51,6,ܦܣܝ,,,,Peshitta,PESH
16,Nehemiah,7,52,Nehemiah 7:52,1,ܒܢ̈ܝ,,,,Peshitta,PESH
16,Nehemiah,7,52,Nehemiah 7:52,2,ܒܣܝ,,,,Peshitta,PESH
16,Nehemiah,7,52,Nehemiah 7:52,3,ܒܢ̈ܝ,,,,Peshitta,PESH
16,Nehemiah,7,52,Nehemiah 7:52,4,ܡܬܥܢܝܡ,,,,Peshitta,PESH
16,Nehemiah,7,52,Nehemiah 7:52,5,ܒܢ̈ܝ,,,,Peshitta,PESH
16,Nehemiah,7,52,Nehemiah 7:52,6,ܝܦܘܣܝܢ,,,,Peshitta,PESH
16,Nehemiah,7,53,Nehemiah 7:53,1,ܒܢ̈ܝ,,,,Peshitta,PESH
16,Nehemiah,7,53,Nehemiah 7:53,2,ܒܩܒܘܩ,,,,Peshitta,PESH
16,Nehemiah,7,53,Nehemiah 7:53,3,ܒܢ̈ܝ,,,,Peshitta,PESH
16,Nehemiah,7,53,Nehemiah 7:53,4,ܚܩܘܦܐ,,,,Peshitta,PESH
16,Nehemiah,7,53,Nehemiah 7:53,5,ܒܢ̈ܝ,,,,Peshitta,PESH
16,Nehemiah,7,53,Nehemiah 7:53,6,ܚܪܚܘܪ,,,,Peshitta,PESH
16,Nehemiah,7,54,Nehemiah 7:54,1,ܒܢ̈ܝ,,,,Peshitta,PESH
16,Nehemiah,7,54,Nehemiah 7:54,2,ܒܨܠܐܘܬ,,,,Peshitta,PESH
16,Nehemiah,7,54,Nehemiah 7:54,3,ܒܢ̈ܝ,,,,Peshitta,PESH
16,Nehemiah,7,54,Nehemiah 7:54,4,ܡܚܕܝܐ,,,,Peshitta,PESH
16,Nehemiah,7,54,Nehemiah 7:54,5,ܒܢ̈ܝ,,,,Peshitta,PESH
16,Nehemiah,7,54,Nehemiah 7:54,6,ܚܪܫܐ,,,,Peshitta,PESH
16,Nehemiah,7,55,Nehemiah 7:55,1,ܒܢ̈ܝ,,,,Peshitta,PESH
16,Nehemiah,7,55,Nehemiah 7:55,2,ܒܙܘܩ,,,,Peshitta,PESH
16,Nehemiah,7,55,Nehemiah 7:55,3,ܒܢ̈ܝ,,,,Peshitta,PESH
16,Nehemiah,7,55,Nehemiah 7:55,4,ܣܝܣܪܐ,,,,Peshitta,PESH
16,Nehemiah,7,55,Nehemiah 7:55,5,ܒܢ̈ܝ,,,,Peshitta,PESH
16,Nehemiah,7,55,Nehemiah 7:55,6,ܬܡܢܥ,,,,Peshitta,PESH
16,Nehemiah,7,56,Nehemiah 7:56,1,ܒܢ̈ܝ,,,,Peshitta,PESH
16,Nehemiah,7,56,Nehemiah 7:56,2,ܢܨܝܚ,,,,Peshitta,PESH
16,Nehemiah,7,56,Nehemiah 7:56,3,ܒܢ̈ܝ,,,,Peshitta,PESH
16,Nehemiah,7,56,Nehemiah 7:56,4,ܚܛܘܦܐ,,,,Peshitta,PESH
16,Nehemiah,7,57,Nehemiah 7:57,1,ܒܢ̈ܝ,,,,Peshitta,PESH
16,Nehemiah,7,57,Nehemiah 7:57,2,ܥܒ̣̈ܕܝ,,,,Peshitta,PESH
16,Nehemiah,7,57,Nehemiah 7:57,3,ܫܠܝܡܘܢ,,,,Peshitta,PESH
16,Nehemiah,7,57,Nehemiah 7:57,4,ܒܢ̈ܝ,,,,Peshitta,PESH
16,Nehemiah,7,57,Nehemiah 7:57,5,ܣܛܝ,,,,Peshitta,PESH
16,Nehemiah,7,57,Nehemiah 7:57,6,ܒܢ̈ܝ,,,,Peshitta,PESH
16,Nehemiah,7,57,Nehemiah 7:57,7,ܣܦܪܬ,,,,Peshitta,PESH
16,Nehemiah,7,57,Nehemiah 7:57,8,ܒܢ̈ܝ,,,,Peshitta,PESH
16,Nehemiah,7,57,Nehemiah 7:57,9,ܦܪܘܝܐ,,,,Peshitta,PESH
16,Nehemiah,7,58,Nehemiah 7:58,1,ܒܢ̈ܝ,,,,Peshitta,PESH
16,Nehemiah,7,58,Nehemiah 7:58,2,ܥܠܐ,,,,Peshitta,PESH
16,Nehemiah,7,58,Nehemiah 7:58,3,ܒܢ̈ܝ,,,,Peshitta,PESH
16,Nehemiah,7,58,Nehemiah 7:58,4,ܕܪܥܘܢ,,,,Peshitta,PESH
16,Nehemiah,7,58,Nehemiah 7:58,5,ܒܢ̈ܝ,,,,Peshitta,PESH
16,Nehemiah,7,58,Nehemiah 7:58,6,ܓܕܠ,,,,Peshitta,PESH
16,Nehemiah,7,59,Nehemiah 7:59,1,ܒܢ̈ܝ,,,,Peshitta,PESH
16,Nehemiah,7,59,Nehemiah 7:59,2,ܫܦܛܝܐ,,,,Peshitta,PESH
16,Nehemiah,7,59,Nehemiah 7:59,3,ܒܢ̈ܝ,,,,Peshitta,PESH
16,Nehemiah,7,59,Nehemiah 7:59,4,ܢܚܛܝܐ,,,,Peshitta,PESH
16,Nehemiah,7,59,Nehemiah 7:59,5,ܒ̈ܢܝ,,,,Peshitta,PESH
16,Nehemiah,7,59,Nehemiah 7:59,6,ܟܒܪܘܬ,,,,Peshitta,PESH
16,Nehemiah,7,59,Nehemiah 7:59,7,ܒܢ̈ܝ,,,,Peshitta,PESH
16,Nehemiah,7,59,Nehemiah 7:59,8,ܨܘܒܝܢ,,,,Peshitta,PESH
16,Nehemiah,7,59,Nehemiah 7:59,9,ܒܢ̈ܝ,,,,Peshitta,PESH
16,Nehemiah,7,59,Nehemiah 7:59,10,ܐܡܘܢ,,,,Peshitta,PESH
16,Nehemiah,7,60,Nehemiah 7:60,1,ܟܠܗܘܢ,,,,Peshitta,PESH
16,Nehemiah,7,60,Nehemiah 7:60,2,ܢ̈ܬܢܝܐ,,,,Peshitta,PESH
16,Nehemiah,7,60,Nehemiah 7:60,3,ܘܒܢ̈ܝ,,,,Peshitta,PESH
16,Nehemiah,7,60,Nehemiah 7:60,4,ܥܒ̣̈ܕܝ,,,,Peshitta,PESH
16,Nehemiah,7,60,Nehemiah 7:60,5,ܫܠܝܡܘܢ,,,,Peshitta,PESH
16,Nehemiah,7,60,Nehemiah 7:60,6,ܬܠܬܡܐܐ,,,,Peshitta,PESH
16,Nehemiah,7,60,Nehemiah 7:60,7,ܘܬܫܥܝܢ,,,,Peshitta,PESH
16,Nehemiah,7,60,Nehemiah 7:60,8,ܘܬܪܝܢ,,,,Peshitta,PESH
16,Nehemiah,7,61,Nehemiah 7:61,1,ܗܠܝܢ,,,,Peshitta,PESH
16,Nehemiah,7,61,Nehemiah 7:61,2,ܕܣܠ̣ܩܘ,,,,Peshitta,PESH
16,Nehemiah,7,61,Nehemiah 7:61,3,ܡܢ,,,,Peshitta,PESH
16,Nehemiah,7,61,Nehemiah 7:61,4,ܬܠܡܠܚܐ,,,,Peshitta,PESH
16,Nehemiah,7,61,Nehemiah 7:61,5,ܠܬܠܥܒܐ,,,,Peshitta,PESH
16,Nehemiah,7,61,Nehemiah 7:61,6,ܘܠܟܘܪܒ,,,,Peshitta,PESH
16,Nehemiah,7,61,Nehemiah 7:61,7,ܗܠܝܢ,,,,Peshitta,PESH
16,Nehemiah,7,61,Nehemiah 7:61,8,ܐܡ̣ܪܘ,,,,Peshitta,PESH
16,Nehemiah,7,61,Nehemiah 7:61,9,ܘܠܐ,,,,Peshitta,PESH
16,Nehemiah,7,61,Nehemiah 7:61,10,ܐܫܟܚܘ,,,,Peshitta,PESH
16,Nehemiah,7,61,Nehemiah 7:61,11,ܠܡܚܘܝܘ,,,,Peshitta,PESH
16,Nehemiah,7,61,Nehemiah 7:61,12,ܫܪ̈ܒܬܐ,,,,Peshitta,PESH
16,Nehemiah,7,61,Nehemiah 7:61,13,ܕܐܒܗ̈ܝܗܘܢ,,,,Peshitta,PESH
16,Nehemiah,7,61,Nehemiah 7:61,14,ܘܙܪ̈ܥܝܬܗܘܢ,,,,Peshitta,PESH
16,Nehemiah,7,61,Nehemiah 7:61,15,ܐܠܐ,,,,Peshitta,PESH
16,Nehemiah,7,61,Nehemiah 7:61,16,ܕܡܢ,,,,Peshitta,PESH
16,Nehemiah,7,61,Nehemiah 7:61,17,ܐܝܣܪܐܝܠ,,,,Peshitta,PESH
16,Nehemiah,7,61,Nehemiah 7:61,18,ܐܢܘܢ,,,,Peshitta,PESH
16,Nehemiah,7,62,Nehemiah 7:62,1,ܒܢ̈ܝ,,,,Peshitta,PESH
16,Nehemiah,7,62,Nehemiah 7:62,2,ܒ̇ܢܝ,,,,Peshitta,PESH
16,Nehemiah,7,62,Nehemiah 7:62,3,ܒܢ̈ܝ,,,,Peshitta,PESH
16,Nehemiah,7,62,Nehemiah 7:62,4,ܕܠܝܐ,,,,Peshitta,PESH
16,Nehemiah,7,62,Nehemiah 7:62,5,ܒܢ̈ܝ,,,,Peshitta,PESH
16,Nehemiah,7,62,Nehemiah 7:62,6,ܛܘܒܝܐ,,,,Peshitta,PESH
16,Nehemiah,7,62,Nehemiah 7:62,7,ܒܢ̈ܝ,,,,Peshitta,PESH
16,Nehemiah,7,62,Nehemiah 7:62,8,ܕܩܘܪܐ,,,,Peshitta,PESH
16,Nehemiah,7,62,Nehemiah 7:62,9,ܫܬܡܐܐ,,,,Peshitta,PESH
16,Nehemiah,7,62,Nehemiah 7:62,10,ܘܐܪܒܥܝܢ,,,,Peshitta,PESH
16,Nehemiah,7,62,Nehemiah 7:62,11,ܘܬܪܝܢ,,,,Peshitta,PESH
16,Nehemiah,7,63,Nehemiah 7:63,1,ܘܡܢ,,,,Peshitta,PESH
16,Nehemiah,7,63,Nehemiah 7:63,2,ܟܘܡܪ̈ܐ,,,,Peshitta,PESH
16,Nehemiah,7,63,Nehemiah 7:63,3,ܒܢ̈ܝ,,,,Peshitta,PESH
16,Nehemiah,7,63,Nehemiah 7:63,4,ܚܢܢܝܐ,,,,Peshitta,PESH
16,Nehemiah,7,63,Nehemiah 7:63,5,ܒܢ̈ܝ,,,,Peshitta,PESH
16,Nehemiah,7,63,Nehemiah 7:63,6,ܗܩܘܨ,,,,Peshitta,PESH
16,Nehemiah,7,63,Nehemiah 7:63,7,ܒܢ̈ܝ,,,,Peshitta,PESH
16,Nehemiah,7,63,Nehemiah 7:63,8,ܒܪܙܠܝ,,,,Peshitta,PESH
16,Nehemiah,7,63,Nehemiah 7:63,9,ܕܢܣ̣ܒ,,,,Peshitta,PESH
16,Nehemiah,7,63,Nehemiah 7:63,10,ܡܢ,,,,Peshitta,PESH
16,Nehemiah,7,63,Nehemiah 7:63,11,ܒܢ̈ܬ,,,,Peshitta,PESH
16,Nehemiah,7,63,Nehemiah 7:63,12,ܒܪܙܠܝ,,,,Peshitta,PESH
16,Nehemiah,7,63,Nehemiah 7:63,13,ܓܠܥܕܝܐ,,,,Peshitta,PESH
16,Nehemiah,7,63,Nehemiah 7:63,14,ܐܢܬܬܐ,,,,Peshitta,PESH
16,Nehemiah,7,63,Nehemiah 7:63,15,ܘܐܬܩܪܝ,,,,Peshitta,PESH
16,Nehemiah,7,63,Nehemiah 7:63,16,ܥܠ,,,,Peshitta,PESH
16,Nehemiah,7,63,Nehemiah 7:63,17,ܫܡܗܘܢ,,,,Peshitta,PESH
16,Nehemiah,7,64,Nehemiah 7:64,1,ܗܠܝܢ,,,,Peshitta,PESH
16,Nehemiah,7,64,Nehemiah 7:64,2,ܒܥܘ,,,,Peshitta,PESH
16,Nehemiah,7,64,Nehemiah 7:64,3,ܒܟܬܒܐ,,,,Peshitta,PESH
16,Nehemiah,7,64,Nehemiah 7:64,4,ܕܫܪ̈ܒܬܗܘܢ,,,,Peshitta,PESH
16,Nehemiah,7,64,Nehemiah 7:64,5,ܘܠܐ,,,,Peshitta,PESH
16,Nehemiah,7,64,Nehemiah 7:64,6,ܐܫܟܚܘ,,,,Peshitta,PESH
16,Nehemiah,7,64,Nehemiah 7:64,7,ܘܥܒ̣ܪܘ,,,,Peshitta,PESH
16,Nehemiah,7,64,Nehemiah 7:64,8,ܠܗܘܢ,,,,Peshitta,PESH
16,Nehemiah,7,64,Nehemiah 7:64,9,ܡܢ,,,,Peshitta,PESH
16,Nehemiah,7,64,Nehemiah 7:64,10,ܟܘܡܪܘܬܐ,,,,Peshitta,PESH
16,Nehemiah,7,65,Nehemiah 7:65,1,ܘܐܡ̣ܪܘ,,,,Peshitta,PESH
16,Nehemiah,7,65,Nehemiah 7:65,2,ܠܗܘܢ,,,,Peshitta,PESH
16,Nehemiah,7,65,Nehemiah 7:65,3,ܩܫܝ̈ܫܐ,,,,Peshitta,PESH
16,Nehemiah,7,65,Nehemiah 7:65,4,ܕܟܘܡܪ̈ܐ,,,,Peshitta,PESH
16,Nehemiah,7,65,Nehemiah 7:65,5,ܕܠܐ,,,,Peshitta,PESH
16,Nehemiah,7,65,Nehemiah 7:65,6,ܢܐܟܠܘܢ,,,,Peshitta,PESH
16,Nehemiah,7,65,Nehemiah 7:65,7,ܡܢ,,,,Peshitta,PESH
16,Nehemiah,7,65,Nehemiah 7:65,8,ܩܕܘܫ,,,,Peshitta,PESH
16,Nehemiah,7,65,Nehemiah 7:65,9,ܩܘܕܫ̈ܐ,,,,Peshitta,PESH
16,Nehemiah,7,65,Nehemiah 7:65,10,ܥܕܡܐ,,,,Peshitta,PESH
16,Nehemiah,7,65,Nehemiah 7:65,11,ܕܢܩܘܡ,,,,Peshitta,PESH
16,Nehemiah,7,65,Nehemiah 7:65,12,ܟܗܢܐ,,,,Peshitta,PESH
16,Nehemiah,7,65,Nehemiah 7:65,13,ܪܒܐ,,,,Peshitta,PESH
16,Nehemiah,7,65,Nehemiah 7:65,14,ܘܢܫܐܠ,,,,Peshitta,PESH
16,Nehemiah,7,65,Nehemiah 7:65,15,ܘܢܚܙܐ,,,,Peshitta,PESH
16,Nehemiah,7,66,Nehemiah 7:66,1,ܟܘܠܗ̇,,,,Peshitta,PESH
16,Nehemiah,7,66,Nehemiah 7:66,2,ܟܢܘܫܬܐ,,,,Peshitta,PESH
16,Nehemiah,7,66,Nehemiah 7:66,3,ܐܟܚܕܐ,,,,Peshitta,PESH
16,Nehemiah,7,66,Nehemiah 7:66,4,ܐܪܒܥ,,,,Peshitta,PESH
16,Nehemiah,7,66,Nehemiah 7:66,5,ܪ̈ܒܘܢ,,,,Peshitta,PESH
16,Nehemiah,7,66,Nehemiah 7:66,6,ܘܬܪܝܢ,,,,Peshitta,PESH
16,Nehemiah,7,66,Nehemiah 7:66,7,ܐ̈ܠܦܝܢ,,,,Peshitta,PESH
16,Nehemiah,7,66,Nehemiah 7:66,8,ܘܐܪܒܥܡܐܐ,,,,Peshitta,PESH
16,Nehemiah,7,66,Nehemiah 7:66,9,ܘܫܒܥܝܢ,,,,Peshitta,PESH
16,Nehemiah,7,67,Nehemiah 7:67,1,ܠܒܪ,,,,Peshitta,PESH
16,Nehemiah,7,67,Nehemiah 7:67,2,ܡܢ,,,,Peshitta,PESH
16,Nehemiah,7,67,Nehemiah 7:67,3,ܥܒ̣̈ܕܝܗܘܢ,,,,Peshitta,PESH
16,Nehemiah,7,67,Nehemiah 7:67,4,ܘܐܡ̈ܗܬܗܘܢ,,,,Peshitta,PESH
16,Nehemiah,7,67,Nehemiah 7:67,5,ܗܠܝܢ,,,,Peshitta,PESH
16,Nehemiah,7,67,Nehemiah 7:67,6,ܫܒܥܐ,,,,Peshitta,PESH
16,Nehemiah,7,67,Nehemiah 7:67,7,ܐ̈ܠܦܝܢ,,,,Peshitta,PESH
16,Nehemiah,7,67,Nehemiah 7:67,8,ܘܬܠܬܡܐܐ,,,,Peshitta,PESH
16,Nehemiah,7,67,Nehemiah 7:67,9,ܘܬܠܬܝܢ,,,,Peshitta,PESH
16,Nehemiah,7,67,Nehemiah 7:67,10,ܘܬܠܬܐ,,,,Peshitta,PESH
16,Nehemiah,7,67,Nehemiah 7:67,11,ܟܠܗܘܢ,,,,Peshitta,PESH
16,Nehemiah,7,67,Nehemiah 7:67,12,ܡܫܡ̈ܫܢܐ,,,,Peshitta,PESH
16,Nehemiah,7,67,Nehemiah 7:67,13,ܘܡܫܡ̈ܫܢܝܬܐ,,,,Peshitta,PESH
16,Nehemiah,7,67,Nehemiah 7:67,14,ܡܐܬܝܢ,,,,Peshitta,PESH
16,Nehemiah,7,67,Nehemiah 7:67,15,ܘܐܪܒܥܝܢ,,,,Peshitta,PESH
16,Nehemiah,7,67,Nehemiah 7:67,16,ܘܚܡܫܐ,,,,Peshitta,PESH
16,Nehemiah,7,68,Nehemiah 7:68,1,ܓܡ̈ܠܐ,,,,Peshitta,PESH
16,Nehemiah,7,68,Nehemiah 7:68,2,ܐܪܒܥܡܐܐ,,,,Peshitta,PESH
16,Nehemiah,7,68,Nehemiah 7:68,3,ܘܬܠܬܝܢ,,,,Peshitta,PESH
16,Nehemiah,7,68,Nehemiah 7:68,4,ܘܚܡܫܐ,,,,Peshitta,PESH
16,Nehemiah,7,68,Nehemiah 7:68,5,ܚܡܪ̈ܐ,,,,Peshitta,PESH
16,Nehemiah,7,68,Nehemiah 7:68,6,ܫܬܐ,,,,Peshitta,PESH
16,Nehemiah,7,68,Nehemiah 7:68,7,ܐ̈ܠܦܝܢ,,,,Peshitta,PESH
16,Nehemiah,7,68,Nehemiah 7:68,8,ܘܫܒܥܡܐܐ,,,,Peshitta,PESH
16,Nehemiah,7,68,Nehemiah 7:68,9,ܘܥܣܪܝܢ,,,,Peshitta,PESH
16,Nehemiah,7,69,Nehemiah 7:69,1,ܘܡܢ,,,,Peshitta,PESH
16,Nehemiah,7,69,Nehemiah 7:69,2,ܪ̈ܝܫܐ,,,,Peshitta,PESH
16,Nehemiah,7,69,Nehemiah 7:69,3,ܕܐܒܗ̈ܬܐ,,,,Peshitta,PESH
16,Nehemiah,7,69,Nehemiah 7:69,4,ܕܝܗ̣ܒܘ,,,,Peshitta,PESH
16,Nehemiah,7,69,Nehemiah 7:69,5,ܠܥܒ̇ܕܐ,,,,Peshitta,PESH
16,Nehemiah,7,69,Nehemiah 7:69,6,ܕܒܝܬܐ,,,,Peshitta,PESH
16,Nehemiah,7,69,Nehemiah 7:69,7,ܩܫܝ̈ܫܐ,,,,Peshitta,PESH
16,Nehemiah,7,69,Nehemiah 7:69,8,ܕܟܘܡܪ̈ܐ,,,,Peshitta,PESH
16,Nehemiah,7,69,Nehemiah 7:69,9,ܝܗ̣ܒܘ,,,,Peshitta,PESH
16,Nehemiah,7,69,Nehemiah 7:69,10,ܠܒܝܬ,,,,Peshitta,PESH
16,Nehemiah,7,69,Nehemiah 7:69,11,ܓܙܐ,,,,Peshitta,PESH
16,Nehemiah,7,69,Nehemiah 7:69,12,ܕܗܒܐ,,,,Peshitta,PESH
16,Nehemiah,7,69,Nehemiah 7:69,13,ܕܪ̈ܝܟܘܢܐ,,,,Peshitta,PESH
16,Nehemiah,7,69,Nehemiah 7:69,14,ܐܠܦܐ,,,,Peshitta,PESH
16,Nehemiah,7,69,Nehemiah 7:69,15,ܚܕ,,,,Peshitta,PESH
16,Nehemiah,7,69,Nehemiah 7:69,16,ܦܛܩ̈ܐ,,,,Peshitta,PESH
16,Nehemiah,7,69,Nehemiah 7:69,17,ܚܡܫܝܢ,,,,Peshitta,PESH
16,Nehemiah,7,69,Nehemiah 7:69,18,ܟܘܬܝܢ̈ܝܬܐ,,,,Peshitta,PESH
16,Nehemiah,7,69,Nehemiah 7:69,19,ܠܟܘܡܪ̈ܐ,,,,Peshitta,PESH
16,Nehemiah,7,69,Nehemiah 7:69,20,ܚܡܫܡܐܐ,,,,Peshitta,PESH
16,Nehemiah,7,69,Nehemiah 7:69,21,ܘܬܠܬܝܢ,,,,Peshitta,PESH
16,Nehemiah,7,70,Nehemiah 7:70,1,ܘܡܢ,,,,Peshitta,PESH
16,Nehemiah,7,70,Nehemiah 7:70,2,ܪ̈ܝܫܝ,,,,Peshitta,PESH
16,Nehemiah,7,70,Nehemiah 7:70,3,ܐܒܗ̈ܬܐ,,,,Peshitta,PESH
16,Nehemiah,7,70,Nehemiah 7:70,4,ܝܗ̣ܒܘ,,,,Peshitta,PESH
16,Nehemiah,7,70,Nehemiah 7:70,5,ܠܓܙܐ,,,,Peshitta,PESH
16,Nehemiah,7,70,Nehemiah 7:70,6,ܕܥܒܝܕܬܐ,,,,Peshitta,PESH
16,Nehemiah,7,70,Nehemiah 7:70,7,ܕܗܒܐ,,,,Peshitta,PESH
16,Nehemiah,7,70,Nehemiah 7:70,8,ܕܪ̈ܝܟܘܢܐ,,,,Peshitta,PESH
16,Nehemiah,7,70,Nehemiah 7:70,9,ܬܪ̈ܬܝܢ,,,,Peshitta,PESH
16,Nehemiah,7,70,Nehemiah 7:70,10,ܪ̈ܒܘܢ,,,,Peshitta,PESH
16,Nehemiah,7,70,Nehemiah 7:70,11,ܟܣܦܐ,,,,Peshitta,PESH
16,Nehemiah,7,70,Nehemiah 7:70,12,ܡ̈ܢܝܢ,,,,Peshitta,PESH
16,Nehemiah,7,70,Nehemiah 7:70,13,ܬܪܝܢ,,,,Peshitta,PESH
16,Nehemiah,7,70,Nehemiah 7:70,14,ܐ̈ܠܦܝܢ,,,,Peshitta,PESH
16,Nehemiah,7,70,Nehemiah 7:70,15,ܘܡܐܬܝܢ,,,,Peshitta,PESH
16,Nehemiah,7,71,Nehemiah 7:71,1,ܘܝܗ̣ܒܘ,,,,Peshitta,PESH
16,Nehemiah,7,71,Nehemiah 7:71,2,ܫܪܟܐ,,,,Peshitta,PESH
16,Nehemiah,7,71,Nehemiah 7:71,3,ܕܥܡܐ,,,,Peshitta,PESH
16,Nehemiah,7,71,Nehemiah 7:71,4,ܕܗܒܐ,,,,Peshitta,PESH
16,Nehemiah,7,71,Nehemiah 7:71,5,ܕܪ̈ܝܟܘܢܐ,,,,Peshitta,PESH
16,Nehemiah,7,71,Nehemiah 7:71,6,ܬܪ̈ܬܝܢ,,,,Peshitta,PESH
16,Nehemiah,7,71,Nehemiah 7:71,7,ܪ̈ܒܘܢ,,,,Peshitta,PESH
16,Nehemiah,7,71,Nehemiah 7:71,8,ܘܟܣܦܐ,,,,Peshitta,PESH
16,Nehemiah,7,71,Nehemiah 7:71,9,ܡ̈ܢܝܢ,,,,Peshitta,PESH
16,Nehemiah,7,71,Nehemiah 7:71,10,ܬܪܝܢ,,,,Peshitta,PESH
16,Nehemiah,7,71,Nehemiah 7:71,11,ܐܠܦܝܢ,,,,Peshitta,PESH
16,Nehemiah,7,71,Nehemiah 7:71,12,ܘܟܘ̈ܬܝܢܝܬܐ,,,,Peshitta,PESH
16,Nehemiah,7,71,Nehemiah 7:71,13,ܠܟܘܡܪ̈ܐ,,,,Peshitta,PESH
16,Nehemiah,7,71,Nehemiah 7:71,14,ܐܫܬܝܢ,,,,Peshitta,PESH
16,Nehemiah,7,71,Nehemiah 7:71,15,ܘܫܒܥ,,,,Peshitta,PESH
16,Nehemiah,7,72,Nehemiah 7:72,1,ܘܗܦܟܘ,,,,Peshitta,PESH
16,Nehemiah,7,72,Nehemiah 7:72,2,ܟܘܡܪ̈ܐ,,,,Peshitta,PESH
16,Nehemiah,7,72,Nehemiah 7:72,3,ܘܠܘ̈ܝܐ,,,,Peshitta,PESH
16,Nehemiah,7,72,Nehemiah 7:72,4,ܘܬܪ̈ܥܐ,,,,Peshitta,PESH
16,Nehemiah,7,72,Nehemiah 7:72,5,ܘܡܫܡ̈ܫܢܐ,,,,Peshitta,PESH
16,Nehemiah,7,72,Nehemiah 7:72,6,ܘܡܢ,,,,Peshitta,PESH
16,Nehemiah,7,72,Nehemiah 7:72,7,ܥܡܐ,,,,Peshitta,PESH
16,Nehemiah,7,72,Nehemiah 7:72,8,ܘܢܬ̈ܢܝܐ,,,,Peshitta,PESH
16,Nehemiah,7,72,Nehemiah 7:72,9,ܘܟܘܠܗ,,,,Peshitta,PESH
16,Nehemiah,7,72,Nehemiah 7:72,10,ܐܝܣܪܐܝܠ,,,,Peshitta,PESH
16,Nehemiah,7,72,Nehemiah 7:72,11,ܠܩܘܪ̈ܝܗܘܢ,,,,Peshitta,PESH
16,Nehemiah,7,72,Nehemiah 7:72,12,ܘܟܕ,,,,Peshitta,PESH
16,Nehemiah,7,72,Nehemiah 7:72,13,ܡ̣ܛܐ,,,,Peshitta,PESH
16,Nehemiah,7,72,Nehemiah 7:72,14,ܝܪܚܐ,,,,Peshitta,PESH
16,Nehemiah,7,72,Nehemiah 7:72,15,ܫܒܝܥܝܐ,,,,Peshitta,PESH
16,Nehemiah,7,72,Nehemiah 7:72,16,ܘܒܢ̈ܝ,,,,Peshitta,PESH
16,Nehemiah,7,72,Nehemiah 7:72,17,ܐܝܣܪܝܠ,,,,Peshitta,PESH
16,Nehemiah,7,72,Nehemiah 7:72,18,ܒܩܘܪ̈ܝܗܘܢ,,,,Peshitta,PESH
16,Nehemiah,8,1,Nehemiah 8:1,1,ܘܐܬܟܢܫܘ,,,,Peshitta,PESH
16,Nehemiah,8,1,Nehemiah 8:1,2,ܥܡܐ,,,,Peshitta,PESH
16,Nehemiah,8,1,Nehemiah 8:1,3,ܟܠܗ,,,,Peshitta,PESH
16,Nehemiah,8,1,Nehemiah 8:1,4,ܐܝܟ,,,,Peshitta,PESH
16,Nehemiah,8,1,Nehemiah 8:1,5,ܓܒܪܐ,,,,Peshitta,PESH
16,Nehemiah,8,1,Nehemiah 8:1,6,ܚܕ,,,,Peshitta,PESH
16,Nehemiah,8,1,Nehemiah 8:1,7,ܠܫܘܩܐ,,,,Peshitta,PESH
16,Nehemiah,8,1,Nehemiah 8:1,8,ܕܐܝܬ,,,,Peshitta,PESH
16,Nehemiah,8,1,Nehemiah 8:1,9,ܩܕܡ,,,,Peshitta,PESH
16,Nehemiah,8,1,Nehemiah 8:1,10,ܬܪܥܐ,,,,Peshitta,PESH
16,Nehemiah,8,1,Nehemiah 8:1,11,ܕܡܝ̈ܐ,,,,Peshitta,PESH
16,Nehemiah,8,1,Nehemiah 8:1,12,ܘܐܡܪܝܢ,,,,Peshitta,PESH
16,Nehemiah,8,1,Nehemiah 8:1,13,ܠܥܙܪܐ,,,,Peshitta,PESH
16,Nehemiah,8,1,Nehemiah 8:1,14,ܣ̇ܦܪܐ,,,,Peshitta,PESH
16,Nehemiah,8,1,Nehemiah 8:1,15,ܠܡܝܬܝܘ,,,,Peshitta,PESH
16,Nehemiah,8,1,Nehemiah 8:1,16,ܣ̣ܦܪܐ,,,,Peshitta,PESH
16,Nehemiah,8,1,Nehemiah 8:1,17,ܕܢܡܘܣܐ,,,,Peshitta,PESH
16,Nehemiah,8,1,Nehemiah 8:1,18,ܕܡܘܫܐ,,,,Peshitta,PESH
16,Nehemiah,8,1,Nehemiah 8:1,19,ܕܦ̇ܩܕ,,,,Peshitta,PESH
16,Nehemiah,8,1,Nehemiah 8:1,20,ܡܪܝܐ,,,,Peshitta,PESH
16,Nehemiah,8,1,Nehemiah 8:1,21,ܥܠ,,,,Peshitta,PESH
16,Nehemiah,8,1,Nehemiah 8:1,22,ܐܝܣܪܝܠ,,,,Peshitta,PESH
16,Nehemiah,8,2,Nehemiah 8:2,1,ܘܐܝܬܝ,,,,Peshitta,PESH
16,Nehemiah,8,2,Nehemiah 8:2,2,ܥܙܪܐ,,,,Peshitta,PESH
16,Nehemiah,8,2,Nehemiah 8:2,3,ܟܗܢܐ,,,,Peshitta,PESH
16,Nehemiah,8,2,Nehemiah 8:2,4,ܣ̣ܦܪܐ,,,,Peshitta,PESH
16,Nehemiah,8,2,Nehemiah 8:2,5,ܕܢܡܘܣܐ,,,,Peshitta,PESH
16,Nehemiah,8,2,Nehemiah 8:2,6,ܩܕܡ,,,,Peshitta,PESH
16,Nehemiah,8,2,Nehemiah 8:2,7,ܥܡܐ,,,,Peshitta,PESH
16,Nehemiah,8,2,Nehemiah 8:2,8,ܡܢ,,,,Peshitta,PESH
16,Nehemiah,8,2,Nehemiah 8:2,9,ܓܒܪ̈ܐ,,,,Peshitta,PESH
16,Nehemiah,8,2,Nehemiah 8:2,10,ܘܥܕܡܐ,,,,Peshitta,PESH
16,Nehemiah,8,2,Nehemiah 8:2,11,ܠܢܫ̈ܐ,,,,Peshitta,PESH
16,Nehemiah,8,2,Nehemiah 8:2,12,ܘܟܠ,,,,Peshitta,PESH
16,Nehemiah,8,2,Nehemiah 8:2,13,ܡ̇ܢ,,,,Peshitta,PESH
16,Nehemiah,8,2,Nehemiah 8:2,14,ܕܐܬܛܝܒ,,,,Peshitta,PESH
16,Nehemiah,8,2,Nehemiah 8:2,15,ܠܡܫܡܥ,,,,Peshitta,PESH
16,Nehemiah,8,2,Nehemiah 8:2,16,ܒܚܕ,,,,Peshitta,PESH
16,Nehemiah,8,2,Nehemiah 8:2,17,ܒܝܪܚܐ,,,,Peshitta,PESH
16,Nehemiah,8,2,Nehemiah 8:2,18,ܫܒܝܥܝܐ,,,,Peshitta,PESH
16,Nehemiah,8,3,Nehemiah 8:3,1,ܘܩ̣ܪܐ,,,,Peshitta,PESH
16,Nehemiah,8,3,Nehemiah 8:3,2,ܣ̣ܦܪܐ,,,,Peshitta,PESH
16,Nehemiah,8,3,Nehemiah 8:3,3,ܒܫܘܩܐ,,,,Peshitta,PESH
16,Nehemiah,8,3,Nehemiah 8:3,4,ܕܬܪܥܐ,,,,Peshitta,PESH
16,Nehemiah,8,3,Nehemiah 8:3,5,ܕܡܝ̈ܐ,,,,Peshitta,PESH
16,Nehemiah,8,3,Nehemiah 8:3,6,ܡܢ,,,,Peshitta,PESH
16,Nehemiah,8,3,Nehemiah 8:3,7,ܨܦܪܐ,,,,Peshitta,PESH
16,Nehemiah,8,3,Nehemiah 8:3,8,ܘܥܕܡܐ,,,,Peshitta,PESH
16,Nehemiah,8,3,Nehemiah 8:3,9,ܠܦܠܓܗ,,,,Peshitta,PESH
16,Nehemiah,8,3,Nehemiah 8:3,10,ܕܝܘܡܐ,,,,Peshitta,PESH
16,Nehemiah,8,3,Nehemiah 8:3,11,ܩܕܡ,,,,Peshitta,PESH
16,Nehemiah,8,3,Nehemiah 8:3,12,ܓܒܪ̈ܐ,,,,Peshitta,PESH
16,Nehemiah,8,3,Nehemiah 8:3,13,ܘܢܫ̈ܐ,,,,Peshitta,PESH
16,Nehemiah,8,3,Nehemiah 8:3,14,ܘܩܕܡ,,,,Peshitta,PESH
16,Nehemiah,8,3,Nehemiah 8:3,15,ܐܝܠܝܢ,,,,Peshitta,PESH
16,Nehemiah,8,3,Nehemiah 8:3,16,ܕܫܡܥܝܢ,,,,Peshitta,PESH
16,Nehemiah,8,3,Nehemiah 8:3,17,ܘܐܕܢܝ̈ܗܘܢ,,,,Peshitta,PESH
16,Nehemiah,8,3,Nehemiah 8:3,18,ܕܥܡܐ,,,,Peshitta,PESH
16,Nehemiah,8,3,Nehemiah 8:3,19,ܨܠܝ̈ܢ,,,,Peshitta,PESH
16,Nehemiah,8,3,Nehemiah 8:3,20,ܗ̈ܘܝ,,,,Peshitta,PESH
16,Nehemiah,8,3,Nehemiah 8:3,21,ܘܨܝܬܝܢ,,,,Peshitta,PESH
16,Nehemiah,8,3,Nehemiah 8:3,22,ܠܦ̈ܘܩܕܢܐ,,,,Peshitta,PESH
16,Nehemiah,8,3,Nehemiah 8:3,23,ܕܢܡܘܣܐ,,,,Peshitta,PESH
16,Nehemiah,8,4,Nehemiah 8:4,1,ܘܩܡ,,,,Peshitta,PESH
16,Nehemiah,8,4,Nehemiah 8:4,2,ܥܙܪܐ,,,,Peshitta,PESH
16,Nehemiah,8,4,Nehemiah 8:4,3,ܣ̇ܦܪܐ,,,,Peshitta,PESH
16,Nehemiah,8,4,Nehemiah 8:4,4,ܥܠ,,,,Peshitta,PESH
16,Nehemiah,8,4,Nehemiah 8:4,5,ܡܓܕܠܐ,,,,Peshitta,PESH
16,Nehemiah,8,4,Nehemiah 8:4,6,ܕܩܝܣܐ,,,,Peshitta,PESH
16,Nehemiah,8,4,Nehemiah 8:4,7,ܕܥܒ̣ܕ,,,,Peshitta,PESH
16,Nehemiah,8,4,Nehemiah 8:4,8,ܕܢܗܘܐ,,,,Peshitta,PESH
16,Nehemiah,8,4,Nehemiah 8:4,9,ܡܡܠܠ,,,,Peshitta,PESH
16,Nehemiah,8,4,Nehemiah 8:4,10,ܥܠܘܗܝ,,,,Peshitta,PESH
16,Nehemiah,8,4,Nehemiah 8:4,11,ܘܩܡ,,,,Peshitta,PESH
16,Nehemiah,8,4,Nehemiah 8:4,12,ܠܘܬܗ,,,,Peshitta,PESH
16,Nehemiah,8,4,Nehemiah 8:4,13,ܡܬܝܬܐ,,,,Peshitta,PESH
16,Nehemiah,8,4,Nehemiah 8:4,14,ܘܫܡܘܥ,,,,Peshitta,PESH
16,Nehemiah,8,4,Nehemiah 8:4,15,ܘܥܢܢܝܐ,,,,Peshitta,PESH
16,Nehemiah,8,4,Nehemiah 8:4,16,ܘܐܘܪܝܐ,,,,Peshitta,PESH
16,Nehemiah,8,4,Nehemiah 8:4,17,ܘܚܠܩܝܐ,,,,Peshitta,PESH
16,Nehemiah,8,4,Nehemiah 8:4,18,ܘܡܥܣܝܐ,,,,Peshitta,PESH
16,Nehemiah,8,4,Nehemiah 8:4,19,ܩܡܘ,,,,Peshitta,PESH
16,Nehemiah,8,4,Nehemiah 8:4,20,ܡܢ,,,,Peshitta,PESH
16,Nehemiah,8,4,Nehemiah 8:4,21,ܝܡܝܢܗ,,,,Peshitta,PESH
16,Nehemiah,8,4,Nehemiah 8:4,22,ܘܡܢ,,,,Peshitta,PESH
16,Nehemiah,8,4,Nehemiah 8:4,23,ܣܡܠܗ,,,,Peshitta,PESH
16,Nehemiah,8,4,Nehemiah 8:4,24,ܩܡܘ,,,,Peshitta,PESH
16,Nehemiah,8,4,Nehemiah 8:4,25,ܦܪܝܐ,,,,Peshitta,PESH
16,Nehemiah,8,4,Nehemiah 8:4,26,ܘܡܫܐܝܠ,,,,Peshitta,PESH
16,Nehemiah,8,4,Nehemiah 8:4,27,ܘܡܠܟܝܐ,,,,Peshitta,PESH
16,Nehemiah,8,4,Nehemiah 8:4,28,ܘܚܫܘܡ,,,,Peshitta,PESH
16,Nehemiah,8,4,Nehemiah 8:4,29,ܘܚܫܒܝܐ,,,,Peshitta,PESH
16,Nehemiah,8,4,Nehemiah 8:4,30,ܘܙܟܪܝܐ,,,,Peshitta,PESH
16,Nehemiah,8,4,Nehemiah 8:4,31,ܘܡܫܠܘܡ,,,,Peshitta,PESH
16,Nehemiah,8,5,Nehemiah 8:5,1,ܘܦܬ̣ܚ,,,,Peshitta,PESH
16,Nehemiah,8,5,Nehemiah 8:5,2,ܥܙܪܐ,,,,Peshitta,PESH
16,Nehemiah,8,5,Nehemiah 8:5,3,ܣ̇ܦܪܐ,,,,Peshitta,PESH
16,Nehemiah,8,5,Nehemiah 8:5,4,ܟܬܒܐ,,,,Peshitta,PESH
16,Nehemiah,8,5,Nehemiah 8:5,5,ܕܢܡܘܣܐ,,,,Peshitta,PESH
16,Nehemiah,8,5,Nehemiah 8:5,6,ܠܥܝܢ,,,,Peshitta,PESH
16,Nehemiah,8,5,Nehemiah 8:5,7,ܟܠܗ,,,,Peshitta,PESH
16,Nehemiah,8,5,Nehemiah 8:5,8,ܥܡܐ,,,,Peshitta,PESH
16,Nehemiah,8,5,Nehemiah 8:5,9,ܡܛܠ,,,,Peshitta,PESH
16,Nehemiah,8,5,Nehemiah 8:5,10,ܕܪܡ,,,,Peshitta,PESH
16,Nehemiah,8,5,Nehemiah 8:5,11,ܗܘܐ,,,,Peshitta,PESH
16,Nehemiah,8,5,Nehemiah 8:5,12,ܡܢ,,,,Peshitta,PESH
16,Nehemiah,8,5,Nehemiah 8:5,13,ܟܠܗ,,,,Peshitta,PESH
16,Nehemiah,8,5,Nehemiah 8:5,14,ܥܡܐ,,,,Peshitta,PESH
16,Nehemiah,8,5,Nehemiah 8:5,15,ܘܟܕ,,,,Peshitta,PESH
16,Nehemiah,8,5,Nehemiah 8:5,16,ܦܬ̣ܚ,,,,Peshitta,PESH
16,Nehemiah,8,5,Nehemiah 8:5,17,ܩܡ,,,,Peshitta,PESH
16,Nehemiah,8,5,Nehemiah 8:5,18,ܟܠܗ,,,,Peshitta,PESH
16,Nehemiah,8,5,Nehemiah 8:5,19,ܥܡܐ,,,,Peshitta,PESH
16,Nehemiah,8,6,Nehemiah 8:6,1,ܘܒ̇ܪܟ,,,,Peshitta,PESH
16,Nehemiah,8,6,Nehemiah 8:6,2,ܥܙܪܐ,,,,Peshitta,PESH
16,Nehemiah,8,6,Nehemiah 8:6,3,ܠܡܪܝܐ,,,,Peshitta,PESH
16,Nehemiah,8,6,Nehemiah 8:6,4,ܐܠܗܐ,,,,Peshitta,PESH
16,Nehemiah,8,6,Nehemiah 8:6,5,ܪܒܐ,,,,Peshitta,PESH
16,Nehemiah,8,6,Nehemiah 8:6,6,ܘܥܢܘ,,,,Peshitta,PESH
16,Nehemiah,8,6,Nehemiah 8:6,7,ܟܠܗ,,,,Peshitta,PESH
16,Nehemiah,8,6,Nehemiah 8:6,8,ܥܡܐ,,,,Peshitta,PESH
16,Nehemiah,8,6,Nehemiah 8:6,9,ܘܐܡܪܝܢ,,,,Peshitta,PESH
16,Nehemiah,8,6,Nehemiah 8:6,10,ܐܡܝܢ,,,,Peshitta,PESH
16,Nehemiah,8,6,Nehemiah 8:6,11,ܘܐܡܝܢ,,,,Peshitta,PESH
16,Nehemiah,8,6,Nehemiah 8:6,12,ܘܟܕ,,,,Peshitta,PESH
16,Nehemiah,8,6,Nehemiah 8:6,13,ܐܪܝܡܘ,,,,Peshitta,PESH
16,Nehemiah,8,6,Nehemiah 8:6,14,ܐܝܕܝ̈ܗܘܢ,,,,Peshitta,PESH
16,Nehemiah,8,6,Nehemiah 8:6,15,ܩܥ̣ܕܘ,,,,Peshitta,PESH
16,Nehemiah,8,6,Nehemiah 8:6,16,ܘܣܓ̣ܕܘ,,,,Peshitta,PESH
16,Nehemiah,8,6,Nehemiah 8:6,17,ܩܕܡ,,,,Peshitta,PESH
16,Nehemiah,8,6,Nehemiah 8:6,18,ܡܪܝܐ,,,,Peshitta,PESH
16,Nehemiah,8,6,Nehemiah 8:6,19,ܥܠ,,,,Peshitta,PESH
16,Nehemiah,8,6,Nehemiah 8:6,20,ܐܦܝ̈ܗܘܢ,,,,Peshitta,PESH
16,Nehemiah,8,6,Nehemiah 8:6,21,ܥܕܡܐ,,,,Peshitta,PESH
16,Nehemiah,8,6,Nehemiah 8:6,22,ܠܐܪܥܐ,,,,Peshitta,PESH
16,Nehemiah,8,7,Nehemiah 8:7,1,ܘܝܫܘܥ,,,,Peshitta,PESH
16,Nehemiah,8,7,Nehemiah 8:7,2,ܘܒܢ̈ܘܗܝ,,,,Peshitta,PESH
16,Nehemiah,8,7,Nehemiah 8:7,3,ܘܣܪܒܝܐ,,,,Peshitta,PESH
16,Nehemiah,8,7,Nehemiah 8:7,4,ܘܝܡܝܢ,,,,Peshitta,PESH
16,Nehemiah,8,7,Nehemiah 8:7,5,ܘܥܩܘܦ,,,,Peshitta,PESH
16,Nehemiah,8,7,Nehemiah 8:7,6,ܘܫܒܬܝ,,,,Peshitta,PESH
16,Nehemiah,8,7,Nehemiah 8:7,7,ܘܗܘܕܝܐ,,,,Peshitta,PESH
16,Nehemiah,8,7,Nehemiah 8:7,8,ܘܡܥܣܝܐ,,,,Peshitta,PESH
16,Nehemiah,8,7,Nehemiah 8:7,9,ܘܩܠܛܝܐ,,,,Peshitta,PESH
16,Nehemiah,8,7,Nehemiah 8:7,10,ܘܥܙܪܝܐ,,,,Peshitta,PESH
16,Nehemiah,8,7,Nehemiah 8:7,11,ܘܝܘܙܒܪ,,,,Peshitta,PESH
16,Nehemiah,8,7,Nehemiah 8:7,12,ܘܚܢܢܝ,,,,Peshitta,PESH
16,Nehemiah,8,7,Nehemiah 8:7,13,ܘܦܢܝܐ,,,,Peshitta,PESH
16,Nehemiah,8,7,Nehemiah 8:7,14,ܘܠܘܝ̈ܐ,,,,Peshitta,PESH
16,Nehemiah,8,7,Nehemiah 8:7,15,ܕܡܫܡܫܝܢ,,,,Peshitta,PESH
16,Nehemiah,8,7,Nehemiah 8:7,16,ܠܥܡܐ,,,,Peshitta,PESH
16,Nehemiah,8,7,Nehemiah 8:7,17,ܒܢܡܘܣܐ,,,,Peshitta,PESH
16,Nehemiah,8,7,Nehemiah 8:7,18,ܘܥܡܐ,,,,Peshitta,PESH
16,Nehemiah,8,7,Nehemiah 8:7,19,ܩܝܡܝܢ,,,,Peshitta,PESH
16,Nehemiah,8,7,Nehemiah 8:7,20,ܥܠ,,,,Peshitta,PESH
16,Nehemiah,8,7,Nehemiah 8:7,21,ܕܘܟܬܗܘܢ,,,,Peshitta,PESH
16,Nehemiah,8,8,Nehemiah 8:8,1,ܘܩܪܘ,,,,Peshitta,PESH
16,Nehemiah,8,8,Nehemiah 8:8,2,ܒܟܬܒܐ,,,,Peshitta,PESH
16,Nehemiah,8,8,Nehemiah 8:8,3,ܕܢܡܘܣܐ,,,,Peshitta,PESH
16,Nehemiah,8,8,Nehemiah 8:8,4,ܕܡܪܝܐ,,,,Peshitta,PESH
16,Nehemiah,8,8,Nehemiah 8:8,5,ܟܕ,,,,Peshitta,PESH
16,Nehemiah,8,8,Nehemiah 8:8,6,ܦܪܝܣ,,,,Peshitta,PESH
16,Nehemiah,8,8,Nehemiah 8:8,7,ܘܐܬܛܦܝܣܘ,,,,Peshitta,PESH
16,Nehemiah,8,8,Nehemiah 8:8,8,ܒܗ,,,,Peshitta,PESH
16,Nehemiah,8,8,Nehemiah 8:8,9,ܘܐܣܬܟܠܘ,,,,Peshitta,PESH
16,Nehemiah,8,8,Nehemiah 8:8,10,ܒܩܪܝܢܗ,,,,Peshitta,PESH
16,Nehemiah,8,9,Nehemiah 8:9,1,ܘܐܡ̣ܪ,,,,Peshitta,PESH
16,Nehemiah,8,9,Nehemiah 8:9,2,ܢܚܡܝܐ,,,,Peshitta,PESH
16,Nehemiah,8,9,Nehemiah 8:9,3,ܪܝܫܐ,,,,Peshitta,PESH
16,Nehemiah,8,9,Nehemiah 8:9,4,ܕܟܘܡܪ̈ܐ,,,,Peshitta,PESH
16,Nehemiah,8,9,Nehemiah 8:9,5,ܘܥܙܪܐ,,,,Peshitta,PESH
16,Nehemiah,8,9,Nehemiah 8:9,6,ܟܘܡܪܐ,,,,Peshitta,PESH
16,Nehemiah,8,9,Nehemiah 8:9,7,ܣ̇ܦܪܐ,,,,Peshitta,PESH
16,Nehemiah,8,9,Nehemiah 8:9,8,ܘܠܘܝ̈ܐ,,,,Peshitta,PESH
16,Nehemiah,8,9,Nehemiah 8:9,9,ܐܝܠܝܢ,,,,Peshitta,PESH
16,Nehemiah,8,9,Nehemiah 8:9,10,ܕܡܫܡܫܝܢ,,,,Peshitta,PESH
16,Nehemiah,8,9,Nehemiah 8:9,11,ܗܘܘ,,,,Peshitta,PESH
16,Nehemiah,8,9,Nehemiah 8:9,12,ܠܥܡܐ,,,,Peshitta,PESH
16,Nehemiah,8,9,Nehemiah 8:9,13,ܘܐܡܪܝܢ,,,,Peshitta,PESH
16,Nehemiah,8,9,Nehemiah 8:9,14,ܠܟܘܠܗ,,,,Peshitta,PESH
16,Nehemiah,8,9,Nehemiah 8:9,15,ܥܡܐ,,,,Peshitta,PESH
16,Nehemiah,8,9,Nehemiah 8:9,16,ܝܘܡܢܐ,,,,Peshitta,PESH
16,Nehemiah,8,9,Nehemiah 8:9,17,ܩܕܝܫ,,,,Peshitta,PESH
16,Nehemiah,8,9,Nehemiah 8:9,18,ܗܘ,,,,Peshitta,PESH
16,Nehemiah,8,9,Nehemiah 8:9,19,ܩܕܡ,,,,Peshitta,PESH
16,Nehemiah,8,9,Nehemiah 8:9,20,ܡܪܝܐ,,,,Peshitta,PESH
16,Nehemiah,8,9,Nehemiah 8:9,21,ܐܠܗܟܘܢ,,,,Peshitta,PESH
16,Nehemiah,8,9,Nehemiah 8:9,22,ܠܐ,,,,Peshitta,PESH
16,Nehemiah,8,9,Nehemiah 8:9,23,ܬܟܪܐ,,,,Peshitta,PESH
16,Nehemiah,8,9,Nehemiah 8:9,24,ܠܟܘܢ,,,,Peshitta,PESH
16,Nehemiah,8,9,Nehemiah 8:9,25,ܘܠܐ,,,,Peshitta,PESH
16,Nehemiah,8,9,Nehemiah 8:9,26,ܬܒܟܘܢ,,,,Peshitta,PESH
16,Nehemiah,8,9,Nehemiah 8:9,27,ܡܛܠ,,,,Peshitta,PESH
16,Nehemiah,8,9,Nehemiah 8:9,28,ܕܒܟܝܢ,,,,Peshitta,PESH
16,Nehemiah,8,9,Nehemiah 8:9,29,ܗܘܘ,,,,Peshitta,PESH
16,Nehemiah,8,9,Nehemiah 8:9,30,ܓܝܪ,,,,Peshitta,PESH
16,Nehemiah,8,9,Nehemiah 8:9,31,ܟܘܠܗ,,,,Peshitta,PESH
16,Nehemiah,8,9,Nehemiah 8:9,32,ܥܡܐ,,,,Peshitta,PESH
16,Nehemiah,8,9,Nehemiah 8:9,33,ܟܕ,,,,Peshitta,PESH
16,Nehemiah,8,9,Nehemiah 8:9,34,ܫܡܥܝܢ,,,,Peshitta,PESH
16,Nehemiah,8,9,Nehemiah 8:9,35,ܗܘܘ,,,,Peshitta,PESH
16,Nehemiah,8,9,Nehemiah 8:9,36,ܟܬܒܐ,,,,Peshitta,PESH
16,Nehemiah,8,9,Nehemiah 8:9,37,ܕܢܡܘܣܐ,,,,Peshitta,PESH
16,Nehemiah,8,10,Nehemiah 8:10,1,ܘܐܡ̣ܪ,,,,Peshitta,PESH
16,Nehemiah,8,10,Nehemiah 8:10,2,ܠܗܘܢ,,,,Peshitta,PESH
16,Nehemiah,8,10,Nehemiah 8:10,3,ܙܠܘ,,,,Peshitta,PESH
16,Nehemiah,8,10,Nehemiah 8:10,4,ܐܟܘܠܘ,,,,Peshitta,PESH
16,Nehemiah,8,10,Nehemiah 8:10,5,ܘܐܫܬܘ,,,,Peshitta,PESH
16,Nehemiah,8,10,Nehemiah 8:10,6,ܘܫܕܪܘ,,,,Peshitta,PESH
16,Nehemiah,8,10,Nehemiah 8:10,7,ܡܐܟܘܠܬܐ,,,,Peshitta,PESH
16,Nehemiah,8,10,Nehemiah 8:10,8,ܠܡ̇ܢ,,,,Peshitta,PESH
16,Nehemiah,8,10,Nehemiah 8:10,9,ܕܠܐ,,,,Peshitta,PESH
16,Nehemiah,8,10,Nehemiah 8:10,10,ܡܛܝܒ,,,,Peshitta,PESH
16,Nehemiah,8,10,Nehemiah 8:10,11,ܠܗ,,,,Peshitta,PESH
16,Nehemiah,8,10,Nehemiah 8:10,12,ܡܛܘܠ,,,,Peshitta,PESH
16,Nehemiah,8,10,Nehemiah 8:10,13,ܕܩܕܝܫ,,,,Peshitta,PESH
16,Nehemiah,8,10,Nehemiah 8:10,14,ܗܘ,,,,Peshitta,PESH
16,Nehemiah,8,10,Nehemiah 8:10,15,ܝܘܡܢܐ,,,,Peshitta,PESH
16,Nehemiah,8,10,Nehemiah 8:10,16,ܩܕܡ,,,,Peshitta,PESH
16,Nehemiah,8,10,Nehemiah 8:10,17,ܡܪܝܐ,,,,Peshitta,PESH
16,Nehemiah,8,10,Nehemiah 8:10,18,ܠܐ,,,,Peshitta,PESH
16,Nehemiah,8,10,Nehemiah 8:10,19,ܬܟܪܐ,,,,Peshitta,PESH
16,Nehemiah,8,10,Nehemiah 8:10,20,ܠܟܘܢ,,,,Peshitta,PESH
16,Nehemiah,8,10,Nehemiah 8:10,21,ܡܛܠ,,,,Peshitta,PESH
16,Nehemiah,8,10,Nehemiah 8:10,22,ܕܝܘܡܐ,,,,Peshitta,PESH
16,Nehemiah,8,10,Nehemiah 8:10,23,ܗܘ,,,,Peshitta,PESH
16,Nehemiah,8,10,Nehemiah 8:10,24,ܕܚܕܘܬܐ,,,,Peshitta,PESH
16,Nehemiah,8,10,Nehemiah 8:10,25,ܕܡܪܝܐ,,,,Peshitta,PESH
16,Nehemiah,8,10,Nehemiah 8:10,26,ܘܗܘ,,,,Peshitta,PESH
16,Nehemiah,8,10,Nehemiah 8:10,27,ܢܗܘܐ,,,,Peshitta,PESH
16,Nehemiah,8,10,Nehemiah 8:10,28,ܥܕܘܪܟܘܢ,,,,Peshitta,PESH
16,Nehemiah,8,11,Nehemiah 8:11,1,ܘܠܘܝ̈ܐ,,,,Peshitta,PESH
16,Nehemiah,8,11,Nehemiah 8:11,2,ܡܫܬܩܝܢ,,,,Peshitta,PESH
16,Nehemiah,8,11,Nehemiah 8:11,3,ܠܟܠܗ,,,,Peshitta,PESH
16,Nehemiah,8,11,Nehemiah 8:11,4,ܥܡܐ,,,,Peshitta,PESH
16,Nehemiah,8,11,Nehemiah 8:11,5,ܘܐܡܪܝܢ,,,,Peshitta,PESH
16,Nehemiah,8,11,Nehemiah 8:11,6,ܫܬܘܩܘ,,,,Peshitta,PESH
16,Nehemiah,8,11,Nehemiah 8:11,7,ܡܛܠ,,,,Peshitta,PESH
16,Nehemiah,8,11,Nehemiah 8:11,8,ܕܝܘܡܢܐ,,,,Peshitta,PESH
16,Nehemiah,8,11,Nehemiah 8:11,9,ܡܩܕܫ,,,,Peshitta,PESH
16,Nehemiah,8,11,Nehemiah 8:11,10,ܗܘ,,,,Peshitta,PESH
16,Nehemiah,8,11,Nehemiah 8:11,11,ܘܠܐ,,,,Peshitta,PESH
16,Nehemiah,8,11,Nehemiah 8:11,12,ܬܒܟܘܢ,,,,Peshitta,PESH
16,Nehemiah,8,12,Nehemiah 8:12,1,ܘܐܙܠܘ,,,,Peshitta,PESH
16,Nehemiah,8,12,Nehemiah 8:12,2,ܟܘܠܗ,,,,Peshitta,PESH
16,Nehemiah,8,12,Nehemiah 8:12,3,ܥܡܐ,,,,Peshitta,PESH
16,Nehemiah,8,12,Nehemiah 8:12,4,ܠܡܐܟܠ,,,,Peshitta,PESH
16,Nehemiah,8,12,Nehemiah 8:12,5,ܘܠܡܫܬܐ,,,,Peshitta,PESH
16,Nehemiah,8,12,Nehemiah 8:12,6,ܘܠܡܫܕܪܘ,,,,Peshitta,PESH
16,Nehemiah,8,12,Nehemiah 8:12,7,ܡܐܟܘܠܬܐ,,,,Peshitta,PESH
16,Nehemiah,8,12,Nehemiah 8:12,8,ܘܠܡܥܒܕ,,,,Peshitta,PESH
16,Nehemiah,8,12,Nehemiah 8:12,9,ܚܕܘܬܐ,,,,Peshitta,PESH
16,Nehemiah,8,12,Nehemiah 8:12,10,ܪܒܬܐ,,,,Peshitta,PESH
16,Nehemiah,8,12,Nehemiah 8:12,11,ܘܐܬܛܦܝܣܘ,,,,Peshitta,PESH
16,Nehemiah,8,12,Nehemiah 8:12,12,ܒܡ̈ܠܐ,,,,Peshitta,PESH
16,Nehemiah,8,12,Nehemiah 8:12,13,ܐܝܠܝܢ,,,,Peshitta,PESH
16,Nehemiah,8,12,Nehemiah 8:12,14,ܕܐܘܕܥܘ,,,,Peshitta,PESH
16,Nehemiah,8,12,Nehemiah 8:12,15,ܐܢܘܢ,,,,Peshitta,PESH
16,Nehemiah,8,13,Nehemiah 8:13,1,ܘܒܝܘܡܐ,,,,Peshitta,PESH
16,Nehemiah,8,13,Nehemiah 8:13,2,ܕܬܪܝܢ,,,,Peshitta,PESH
16,Nehemiah,8,13,Nehemiah 8:13,3,ܐܬܟܢܫܘ,,,,Peshitta,PESH
16,Nehemiah,8,13,Nehemiah 8:13,4,ܪ̈ܝܫܝ,,,,Peshitta,PESH
16,Nehemiah,8,13,Nehemiah 8:13,5,ܐܒܗ̈ܬܐ,,,,Peshitta,PESH
16,Nehemiah,8,13,Nehemiah 8:13,6,ܕܟܘܠܗ,,,,Peshitta,PESH
16,Nehemiah,8,13,Nehemiah 8:13,7,ܥܡܐ,,,,Peshitta,PESH
16,Nehemiah,8,13,Nehemiah 8:13,8,ܘܟܘܡܪ̈ܐ,,,,Peshitta,PESH
16,Nehemiah,8,13,Nehemiah 8:13,9,ܘܠܘܝ̈ܐ,,,,Peshitta,PESH
16,Nehemiah,8,13,Nehemiah 8:13,10,ܠܘܬ,,,,Peshitta,PESH
16,Nehemiah,8,13,Nehemiah 8:13,11,ܥܙܪܐ,,,,Peshitta,PESH
16,Nehemiah,8,13,Nehemiah 8:13,12,ܣ̇ܦܪܐ,,,,Peshitta,PESH
16,Nehemiah,8,13,Nehemiah 8:13,13,ܠܡܬܛܦܣܘ,,,,Peshitta,PESH
16,Nehemiah,8,13,Nehemiah 8:13,14,ܡܢܗ,,,,Peshitta,PESH
16,Nehemiah,8,13,Nehemiah 8:13,15,ܥܠ,,,,Peshitta,PESH
16,Nehemiah,8,13,Nehemiah 8:13,16,ܟܬܒܐ,,,,Peshitta,PESH
16,Nehemiah,8,13,Nehemiah 8:13,17,ܕܢܡܘܣܐ,,,,Peshitta,PESH
16,Nehemiah,8,14,Nehemiah 8:14,1,ܐܫܟܚܘ,,,,Peshitta,PESH
16,Nehemiah,8,14,Nehemiah 8:14,2,ܒܟܬܒܐ,,,,Peshitta,PESH
16,Nehemiah,8,14,Nehemiah 8:14,3,ܕܢܡܘܣܐ,,,,Peshitta,PESH
16,Nehemiah,8,14,Nehemiah 8:14,4,ܕܦ̇ܩܕ,,,,Peshitta,PESH
16,Nehemiah,8,14,Nehemiah 8:14,5,ܡܪܝܐ,,,,Peshitta,PESH
16,Nehemiah,8,14,Nehemiah 8:14,6,ܠܡܘܫܐ,,,,Peshitta,PESH
16,Nehemiah,8,14,Nehemiah 8:14,7,ܕܢܬܒܘܢ,,,,Peshitta,PESH
16,Nehemiah,8,14,Nehemiah 8:14,8,ܒܢ̈ܝ,,,,Peshitta,PESH
16,Nehemiah,8,14,Nehemiah 8:14,9,ܐܝܣܪܐܝܠ,,,,Peshitta,PESH
16,Nehemiah,8,14,Nehemiah 8:14,10,ܒܡ̈ܛܠܐ,,,,Peshitta,PESH
16,Nehemiah,8,14,Nehemiah 8:14,11,ܒܥܐܕܐ,,,,Peshitta,PESH
16,Nehemiah,8,14,Nehemiah 8:14,12,ܒܝܪܚܐ,,,,Peshitta,PESH
16,Nehemiah,8,14,Nehemiah 8:14,13,ܕܬܫܪܝ,,,,Peshitta,PESH
16,Nehemiah,8,15,Nehemiah 8:15,1,ܘܕܢܫܡܥܘܢ,,,,Peshitta,PESH
16,Nehemiah,8,15,Nehemiah 8:15,2,ܐܩܪܝܘ,,,,Peshitta,PESH
16,Nehemiah,8,15,Nehemiah 8:15,3,ܟܪ̈ܘܙܐ,,,,Peshitta,PESH
16,Nehemiah,8,15,Nehemiah 8:15,4,ܒܟܠܗܝܢ,,,,Peshitta,PESH
16,Nehemiah,8,15,Nehemiah 8:15,5,ܩܘܪ̈ܝܗܘܢ,,,,Peshitta,PESH
16,Nehemiah,8,15,Nehemiah 8:15,6,ܘܒܐܘܪܫܠܡ,,,,Peshitta,PESH
16,Nehemiah,8,15,Nehemiah 8:15,7,ܘܐܡܪܝܢ,,,,Peshitta,PESH
16,Nehemiah,8,15,Nehemiah 8:15,8,ܣܩܘ,,,,Peshitta,PESH
16,Nehemiah,8,15,Nehemiah 8:15,9,ܠܛܘܪܐ,,,,Peshitta,PESH
16,Nehemiah,8,15,Nehemiah 8:15,10,ܐܝܬܘ,,,,Peshitta,PESH
16,Nehemiah,8,15,Nehemiah 8:15,11,ܩܝ̈ܣܐ,,,,Peshitta,PESH
16,Nehemiah,8,15,Nehemiah 8:15,12,ܕܙܝ̈ܬܐ,,,,Peshitta,PESH
16,Nehemiah,8,15,Nehemiah 8:15,13,ܘܩܝ̈ܣܐ,,,,Peshitta,PESH
16,Nehemiah,8,15,Nehemiah 8:15,14,ܕܓܘܙܐ,,,,Peshitta,PESH
16,Nehemiah,8,15,Nehemiah 8:15,15,ܘܛܪ̈ܦܐ,,,,Peshitta,PESH
16,Nehemiah,8,15,Nehemiah 8:15,16,ܕܕܩ̈ܠܐ,,,,Peshitta,PESH
16,Nehemiah,8,15,Nehemiah 8:15,17,ܘܛܪ̈ܦܐ,,,,Peshitta,PESH
16,Nehemiah,8,15,Nehemiah 8:15,18,ܕܐܛܪܘܓܐ,,,,Peshitta,PESH
16,Nehemiah,8,15,Nehemiah 8:15,19,ܘܣܘ̈ܟܐ,,,,Peshitta,PESH
16,Nehemiah,8,15,Nehemiah 8:15,20,ܕܥܪ̈ܒܐ,,,,Peshitta,PESH
16,Nehemiah,8,15,Nehemiah 8:15,21,ܘܥܒ̣ܕܘ,,,,Peshitta,PESH
16,Nehemiah,8,15,Nehemiah 8:15,22,ܡ̈ܛܠܠܐ,,,,Peshitta,PESH
16,Nehemiah,8,15,Nehemiah 8:15,23,ܐܝܟܢܐ,,,,Peshitta,PESH
16,Nehemiah,8,15,Nehemiah 8:15,24,ܕܟܬܝܒ,,,,Peshitta,PESH
16,Nehemiah,8,15,Nehemiah 8:15,25,ܒܟܬܒܐ,,,,Peshitta,PESH
16,Nehemiah,8,15,Nehemiah 8:15,26,ܕܢܡܘܣܐ,,,,Peshitta,PESH
16,Nehemiah,8,15,Nehemiah 8:15,27,ܕܡܘܫܐ,,,,Peshitta,PESH
16,Nehemiah,8,16,Nehemiah 8:16,1,ܘܢܦ̣ܩܘ,,,,Peshitta,PESH
16,Nehemiah,8,16,Nehemiah 8:16,2,ܥܡܐ,,,,Peshitta,PESH
16,Nehemiah,8,16,Nehemiah 8:16,3,ܘܐܝܬܝܘ,,,,Peshitta,PESH
16,Nehemiah,8,16,Nehemiah 8:16,4,ܘܥܒ̣ܕܘ,,,,Peshitta,PESH
16,Nehemiah,8,16,Nehemiah 8:16,5,ܠܗܘܢ,,,,Peshitta,PESH
16,Nehemiah,8,16,Nehemiah 8:16,6,ܡ̈ܛܠܐ,,,,Peshitta,PESH
16,Nehemiah,8,16,Nehemiah 8:16,7,ܓܒܪ,,,,Peshitta,PESH
16,Nehemiah,8,16,Nehemiah 8:16,8,ܥܠ,,,,Peshitta,PESH
16,Nehemiah,8,16,Nehemiah 8:16,9,ܐܓܪܗ,,,,Peshitta,PESH
16,Nehemiah,8,16,Nehemiah 8:16,10,ܘܒܕܪ̈ܝܗܘܢ,,,,Peshitta,PESH
16,Nehemiah,8,16,Nehemiah 8:16,11,ܘܒܕܪܬܐ,,,,Peshitta,PESH
16,Nehemiah,8,16,Nehemiah 8:16,12,ܕܒܝܬܗ,,,,Peshitta,PESH
16,Nehemiah,8,16,Nehemiah 8:16,13,ܕܡܪܝܐ,,,,Peshitta,PESH
16,Nehemiah,8,16,Nehemiah 8:16,14,ܘܒܫܘܩܐ,,,,Peshitta,PESH
16,Nehemiah,8,16,Nehemiah 8:16,15,ܕܬܪܥܐ,,,,Peshitta,PESH
16,Nehemiah,8,16,Nehemiah 8:16,16,ܕܡܝ̈ܐ,,,,Peshitta,PESH
16,Nehemiah,8,16,Nehemiah 8:16,17,ܘܒܫܘܩܐ,,,,Peshitta,PESH
16,Nehemiah,8,16,Nehemiah 8:16,18,ܕܬܪܥܐ,,,,Peshitta,PESH
16,Nehemiah,8,16,Nehemiah 8:16,19,ܕܐܦܪܝܡ,,,,Peshitta,PESH
16,Nehemiah,8,17,Nehemiah 8:17,1,ܘܥܒܕܘ,,,,Peshitta,PESH
16,Nehemiah,8,17,Nehemiah 8:17,2,ܟܠܗ,,,,Peshitta,PESH
16,Nehemiah,8,17,Nehemiah 8:17,3,ܥܡܐ,,,,Peshitta,PESH
16,Nehemiah,8,17,Nehemiah 8:17,4,ܕܗܦܟܘ,,,,Peshitta,PESH
16,Nehemiah,8,17,Nehemiah 8:17,5,ܡܢ,,,,Peshitta,PESH
16,Nehemiah,8,17,Nehemiah 8:17,6,ܫܒܝܐ,,,,Peshitta,PESH
16,Nehemiah,8,17,Nehemiah 8:17,7,ܡ̈ܛܠܐ,,,,Peshitta,PESH
16,Nehemiah,8,17,Nehemiah 8:17,8,ܘܝ̣ܬܒܘ,,,,Peshitta,PESH
16,Nehemiah,8,17,Nehemiah 8:17,9,ܒܡ̈ܛܠܐ,,,,Peshitta,PESH
16,Nehemiah,8,17,Nehemiah 8:17,10,ܡܛܠ,,,,Peshitta,PESH
16,Nehemiah,8,17,Nehemiah 8:17,11,ܕܠܐ,,,,Peshitta,PESH
16,Nehemiah,8,17,Nehemiah 8:17,12,ܥ̣ܒܕܘ,,,,Peshitta,PESH
16,Nehemiah,8,17,Nehemiah 8:17,13,ܒܢ̈ܝ,,,,Peshitta,PESH
16,Nehemiah,8,17,Nehemiah 8:17,14,ܐܝܣܪܝܠ,,,,Peshitta,PESH
16,Nehemiah,8,17,Nehemiah 8:17,15,ܗܟܢܐ,,,,Peshitta,PESH
16,Nehemiah,8,17,Nehemiah 8:17,16,ܡܢ,,,,Peshitta,PESH
16,Nehemiah,8,17,Nehemiah 8:17,17,ܝܘܡ̈ܬܗ,,,,Peshitta,PESH
16,Nehemiah,8,17,Nehemiah 8:17,18,ܕܝܫܘܥ,,,,Peshitta,PESH
16,Nehemiah,8,17,Nehemiah 8:17,19,ܒܪܢܘܢ,,,,Peshitta,PESH
16,Nehemiah,8,17,Nehemiah 8:17,20,ܥܕܡܐ,,,,Peshitta,PESH
16,Nehemiah,8,17,Nehemiah 8:17,21,ܠܗ,,,,Peshitta,PESH
16,Nehemiah,8,17,Nehemiah 8:17,22,ܠܝܘܡܐ,,,,Peshitta,PESH
16,Nehemiah,8,17,Nehemiah 8:17,23,ܗܢܐ,,,,Peshitta,PESH
16,Nehemiah,8,17,Nehemiah 8:17,24,ܘܗܘܬ,,,,Peshitta,PESH
16,Nehemiah,8,17,Nehemiah 8:17,25,ܚܕܘܬܐ,,,,Peshitta,PESH
16,Nehemiah,8,17,Nehemiah 8:17,26,ܪܒܬܐ,,,,Peshitta,PESH
16,Nehemiah,8,17,Nehemiah 8:17,27,ܕܛܒ,,,,Peshitta,PESH
16,Nehemiah,8,18,Nehemiah 8:18,1,ܘܩ̇ܪܝܢ,,,,Peshitta,PESH
16,Nehemiah,8,18,Nehemiah 8:18,2,ܗܘܘ,,,,Peshitta,PESH
16,Nehemiah,8,18,Nehemiah 8:18,3,ܒܟܬܒܐ,,,,Peshitta,PESH
16,Nehemiah,8,18,Nehemiah 8:18,4,ܕܢܡܘܣܗ,,,,Peshitta,PESH
16,Nehemiah,8,18,Nehemiah 8:18,5,ܕܡܪܝܐ,,,,Peshitta,PESH
16,Nehemiah,8,18,Nehemiah 8:18,6,ܟܘܠ,,,,Peshitta,PESH
16,Nehemiah,8,18,Nehemiah 8:18,7,ܝܘܡ,,,,Peshitta,PESH
16,Nehemiah,8,18,Nehemiah 8:18,8,ܒܝܘܡ,,,,Peshitta,PESH
16,Nehemiah,8,18,Nehemiah 8:18,9,ܡܢ,,,,Peshitta,PESH
16,Nehemiah,8,18,Nehemiah 8:18,10,ܝܘܡܐ,,,,Peshitta,PESH
16,Nehemiah,8,18,Nehemiah 8:18,11,ܩܕܡܝܐ,,,,Peshitta,PESH
16,Nehemiah,8,18,Nehemiah 8:18,12,ܥܕܡܐ,,,,Peshitta,PESH
16,Nehemiah,8,18,Nehemiah 8:18,13,ܠܝܘܡܐ,,,,Peshitta,PESH
16,Nehemiah,8,18,Nehemiah 8:18,14,ܐܚܪܝܐ,,,,Peshitta,PESH
16,Nehemiah,8,18,Nehemiah 8:18,15,ܘܥ̣ܒܕܘ,,,,Peshitta,PESH
16,Nehemiah,8,18,Nehemiah 8:18,16,ܥܐܕܐ,,,,Peshitta,PESH
16,Nehemiah,8,18,Nehemiah 8:18,17,ܫܒܥܐ,,,,Peshitta,PESH
16,Nehemiah,8,18,Nehemiah 8:18,18,ܝܘܡ̈ܝܢ,,,,Peshitta,PESH
16,Nehemiah,8,18,Nehemiah 8:18,19,ܘܒܝܘܡܐ,,,,Peshitta,PESH
16,Nehemiah,8,18,Nehemiah 8:18,20,ܕܬܡܢܝܐ,,,,Peshitta,PESH
16,Nehemiah,8,18,Nehemiah 8:18,21,ܐܬܟܢܫܘ,,,,Peshitta,PESH
16,Nehemiah,8,18,Nehemiah 8:18,22,ܐܝܟܢܐ,,,,Peshitta,PESH
16,Nehemiah,8,18,Nehemiah 8:18,23,ܕܟܬܝܒ,,,,Peshitta,PESH
16,Nehemiah,8,18,Nehemiah 8:18,24,ܠܗܘܢ,,,,Peshitta,PESH
16,Nehemiah,9,1,Nehemiah 9:1,1,ܘܒܝܘܡܐ,,,,Peshitta,PESH
16,Nehemiah,9,1,Nehemiah 9:1,2,ܕܐܪܒܥܐ,,,,Peshitta,PESH
16,Nehemiah,9,1,Nehemiah 9:1,3,ܘܥܣܪܝܢ,,,,Peshitta,PESH
16,Nehemiah,9,1,Nehemiah 9:1,4,ܒܗ,,,,Peshitta,PESH
16,Nehemiah,9,1,Nehemiah 9:1,5,ܒܝܪܚܐ,,,,Peshitta,PESH
16,Nehemiah,9,1,Nehemiah 9:1,6,ܗܢܐ,,,,Peshitta,PESH
16,Nehemiah,9,1,Nehemiah 9:1,7,ܐܬܟܢܫܘ,,,,Peshitta,PESH
16,Nehemiah,9,1,Nehemiah 9:1,8,ܒܢ̈ܝ,,,,Peshitta,PESH
16,Nehemiah,9,1,Nehemiah 9:1,9,ܐܝܣܪܝܠ,,,,Peshitta,PESH
16,Nehemiah,9,1,Nehemiah 9:1,10,ܒܨܘܡܐ,,,,Peshitta,PESH
16,Nehemiah,9,1,Nehemiah 9:1,11,ܘܒܣ̈ܩܐ,,,,Peshitta,PESH
16,Nehemiah,9,1,Nehemiah 9:1,12,ܘܐܪܡܝܘ,,,,Peshitta,PESH
16,Nehemiah,9,1,Nehemiah 9:1,13,ܩܛܡܐ,,,,Peshitta,PESH
16,Nehemiah,9,1,Nehemiah 9:1,14,ܥܠܝܗܘܢ,,,,Peshitta,PESH
16,Nehemiah,9,2,Nehemiah 9:2,1,ܘܐܬܦܪܫ,,,,Peshitta,PESH
16,Nehemiah,9,2,Nehemiah 9:2,2,ܙܪܥܐ,,,,Peshitta,PESH
16,Nehemiah,9,2,Nehemiah 9:2,3,ܕܐܝܣܪܝܠ,,,,Peshitta,PESH
16,Nehemiah,9,2,Nehemiah 9:2,4,ܡܢ,,,,Peshitta,PESH
16,Nehemiah,9,2,Nehemiah 9:2,5,ܟܘܠܗܘܢ,,,,Peshitta,PESH
16,Nehemiah,9,2,Nehemiah 9:2,6,ܥܡ̈ܡܐ,,,,Peshitta,PESH
16,Nehemiah,9,2,Nehemiah 9:2,7,ܘܩܡܘ,,,,Peshitta,PESH
16,Nehemiah,9,2,Nehemiah 9:2,8,ܘܐܘܕܝܘ,,,,Peshitta,PESH
16,Nehemiah,9,2,Nehemiah 9:2,9,ܥܠ,,,,Peshitta,PESH
16,Nehemiah,9,2,Nehemiah 9:2,10,ܚܛܗܝ̈ܗܘܢ,,,,Peshitta,PESH
16,Nehemiah,9,2,Nehemiah 9:2,11,ܘܥܠ,,,,Peshitta,PESH
16,Nehemiah,9,2,Nehemiah 9:2,12,ܚܛܗ̈ܐ,,,,Peshitta,PESH
16,Nehemiah,9,2,Nehemiah 9:2,13,ܕܐܒܗܝ̈ܗܘܢ,,,,Peshitta,PESH
16,Nehemiah,9,3,Nehemiah 9:3,1,ܘܩܡܘ,,,,Peshitta,PESH
16,Nehemiah,9,3,Nehemiah 9:3,2,ܥܠ,,,,Peshitta,PESH
16,Nehemiah,9,3,Nehemiah 9:3,3,ܕܘܟܬܗܘܢ,,,,Peshitta,PESH
16,Nehemiah,9,3,Nehemiah 9:3,4,ܘܩ̇ܪܝܢ,,,,Peshitta,PESH
16,Nehemiah,9,3,Nehemiah 9:3,5,ܗܘܘ,,,,Peshitta,PESH
16,Nehemiah,9,3,Nehemiah 9:3,6,ܒܟܬܒܐ,,,,Peshitta,PESH
16,Nehemiah,9,3,Nehemiah 9:3,7,ܕܢܡܘܣܐ,,,,Peshitta,PESH
16,Nehemiah,9,3,Nehemiah 9:3,8,ܕܡܪܝܐ,,,,Peshitta,PESH
16,Nehemiah,9,3,Nehemiah 9:3,9,ܐܠܗܗܘܢ,,,,Peshitta,PESH
16,Nehemiah,9,3,Nehemiah 9:3,10,ܪܘܒܥܗ,,,,Peshitta,PESH
16,Nehemiah,9,3,Nehemiah 9:3,11,ܕܝܘܡܐ,,,,Peshitta,PESH
16,Nehemiah,9,3,Nehemiah 9:3,12,ܩܪܝܢ,,,,Peshitta,PESH
16,Nehemiah,9,3,Nehemiah 9:3,13,ܘܪܘܒܥܗ,,,,Peshitta,PESH
16,Nehemiah,9,3,Nehemiah 9:3,14,ܕܝܘܡܐ,,,,Peshitta,PESH
16,Nehemiah,9,3,Nehemiah 9:3,15,ܡܘܕܝܢ,,,,Peshitta,PESH
16,Nehemiah,9,3,Nehemiah 9:3,16,ܘܣ̇ܓܕܝܢ,,,,Peshitta,PESH
16,Nehemiah,9,3,Nehemiah 9:3,17,ܩܕܡ,,,,Peshitta,PESH
16,Nehemiah,9,3,Nehemiah 9:3,18,ܡܪܝܐ,,,,Peshitta,PESH
16,Nehemiah,9,3,Nehemiah 9:3,19,ܐܠܗܗܘܢ,,,,Peshitta,PESH
16,Nehemiah,9,4,Nehemiah 9:4,1,ܘܩܡܘ,,,,Peshitta,PESH
16,Nehemiah,9,4,Nehemiah 9:4,2,ܪܫܐ,,,,Peshitta,PESH
16,Nehemiah,9,4,Nehemiah 9:4,3,ܥܠ,,,,Peshitta,PESH
16,Nehemiah,9,4,Nehemiah 9:4,4,ܠܘܝ̈ܐ,,,,Peshitta,PESH
16,Nehemiah,9,4,Nehemiah 9:4,5,ܝܫܘܥ,,,,Peshitta,PESH
16,Nehemiah,9,4,Nehemiah 9:4,6,ܘܩܕܡܐܝܠ,,,,Peshitta,PESH
16,Nehemiah,9,4,Nehemiah 9:4,7,ܒܢ̈ܝ,,,,Peshitta,PESH
16,Nehemiah,9,4,Nehemiah 9:4,8,ܚܫܒܝܐ,,,,Peshitta,PESH
16,Nehemiah,9,4,Nehemiah 9:4,9,ܘܫܪܒܝܐ,,,,Peshitta,PESH
16,Nehemiah,9,4,Nehemiah 9:4,10,ܒܢ̈ܝ,,,,Peshitta,PESH
16,Nehemiah,9,4,Nehemiah 9:4,11,ܟܒܢܝ,,,,Peshitta,PESH
16,Nehemiah,9,4,Nehemiah 9:4,12,ܘܨ̇ܠܝܘ,,,,Peshitta,PESH
16,Nehemiah,9,4,Nehemiah 9:4,13,ܩܕܡ,,,,Peshitta,PESH
16,Nehemiah,9,4,Nehemiah 9:4,14,ܡܪܝܐ,,,,Peshitta,PESH
16,Nehemiah,9,4,Nehemiah 9:4,15,ܐܠܗܗܘܢ,,,,Peshitta,PESH
16,Nehemiah,9,4,Nehemiah 9:4,16,ܒܩܠܐ,,,,Peshitta,PESH
16,Nehemiah,9,4,Nehemiah 9:4,17,ܪܡܐ,,,,Peshitta,PESH
16,Nehemiah,9,5,Nehemiah 9:5,1,ܘܐܡܪܝܢ,,,,Peshitta,PESH
16,Nehemiah,9,5,Nehemiah 9:5,2,ܠܘܝ̈ܐ,,,,Peshitta,PESH
16,Nehemiah,9,5,Nehemiah 9:5,3,ܝܫܘܥ,,,,Peshitta,PESH
16,Nehemiah,9,5,Nehemiah 9:5,4,ܘܩܕܡܐܝܠ,,,,Peshitta,PESH
16,Nehemiah,9,5,Nehemiah 9:5,5,ܒܢ̈ܝ,,,,Peshitta,PESH
16,Nehemiah,9,5,Nehemiah 9:5,6,ܚܫܒܝܐ,,,,Peshitta,PESH
16,Nehemiah,9,5,Nehemiah 9:5,7,ܘܫܪܒܝܐ,,,,Peshitta,PESH
16,Nehemiah,9,5,Nehemiah 9:5,8,ܘܗܘܕܝܐ,,,,Peshitta,PESH
16,Nehemiah,9,5,Nehemiah 9:5,9,ܘܫܟܢܝܐ,,,,Peshitta,PESH
16,Nehemiah,9,5,Nehemiah 9:5,10,ܘܦܬܚܝܐ,,,,Peshitta,PESH
16,Nehemiah,9,5,Nehemiah 9:5,11,ܩܡܘ,,,,Peshitta,PESH
16,Nehemiah,9,5,Nehemiah 9:5,12,ܘܒ̇ܪܟܘ,,,,Peshitta,PESH
16,Nehemiah,9,5,Nehemiah 9:5,13,ܠܡܪܝܐ,,,,Peshitta,PESH
16,Nehemiah,9,5,Nehemiah 9:5,14,ܐܠܗܗܘܢ,,,,Peshitta,PESH
16,Nehemiah,9,5,Nehemiah 9:5,15,ܡܢ,,,,Peshitta,PESH
16,Nehemiah,9,5,Nehemiah 9:5,16,ܥܠܡ,,,,Peshitta,PESH
16,Nehemiah,9,5,Nehemiah 9:5,17,ܘܥܕܡܐ,,,,Peshitta,PESH
16,Nehemiah,9,5,Nehemiah 9:5,18,ܠܥܠܡ,,,,Peshitta,PESH
16,Nehemiah,9,5,Nehemiah 9:5,19,ܘܒܪܝܟ,,,,Peshitta,PESH
16,Nehemiah,9,5,Nehemiah 9:5,20,ܫܡܐ,,,,Peshitta,PESH
16,Nehemiah,9,5,Nehemiah 9:5,21,ܕܐܝܩܪܗ,,,,Peshitta,PESH
16,Nehemiah,9,5,Nehemiah 9:5,22,ܘܡܪܡܪܡ,,,,Peshitta,PESH
16,Nehemiah,9,5,Nehemiah 9:5,23,ܥܠ,,,,Peshitta,PESH
16,Nehemiah,9,5,Nehemiah 9:5,24,ܟܘܠ,,,,Peshitta,PESH
16,Nehemiah,9,5,Nehemiah 9:5,25,ܒܪ̈ܝܬܐ,,,,Peshitta,PESH
16,Nehemiah,9,5,Nehemiah 9:5,26,ܘܬܫܒ̈ܚܬܐ,,,,Peshitta,PESH
16,Nehemiah,9,6,Nehemiah 9:6,1,ܐܢܬ,,,,Peshitta,PESH
16,Nehemiah,9,6,Nehemiah 9:6,2,ܗܘ,,,,Peshitta,PESH
16,Nehemiah,9,6,Nehemiah 9:6,3,ܡܪܝܐ,,,,Peshitta,PESH
16,Nehemiah,9,6,Nehemiah 9:6,4,ܒܠܚܘܕܝܟ,,,,Peshitta,PESH
16,Nehemiah,9,6,Nehemiah 9:6,5,ܐܢܬ,,,,Peshitta,PESH
16,Nehemiah,9,6,Nehemiah 9:6,6,ܥܒܕ̣ܬ,,,,Peshitta,PESH
16,Nehemiah,9,6,Nehemiah 9:6,7,ܫܡܝܐ,,,,Peshitta,PESH
16,Nehemiah,9,6,Nehemiah 9:6,8,ܘܫܡܝ̈,,,,Peshitta,PESH
16,Nehemiah,9,6,Nehemiah 9:6,9,ܫܡܝܐ,,,,Peshitta,PESH
16,Nehemiah,9,6,Nehemiah 9:6,10,ܘܟܠ,,,,Peshitta,PESH
16,Nehemiah,9,6,Nehemiah 9:6,11,ܚܝܠܘ̈ܬܗܘܢ,,,,Peshitta,PESH
16,Nehemiah,9,6,Nehemiah 9:6,12,ܘܐܪܥܐ,,,,Peshitta,PESH
16,Nehemiah,9,6,Nehemiah 9:6,13,ܘܟܘܠ,,,,Peshitta,PESH
16,Nehemiah,9,6,Nehemiah 9:6,14,ܡܕܡ,,,,Peshitta,PESH
16,Nehemiah,9,6,Nehemiah 9:6,15,ܕܐܝܬ,,,,Peshitta,PESH
16,Nehemiah,9,6,Nehemiah 9:6,16,ܥܠܝܗ̇,,,,Peshitta,PESH
16,Nehemiah,9,6,Nehemiah 9:6,17,ܘܡܝ̈ܐ,,,,Peshitta,PESH
16,Nehemiah,9,6,Nehemiah 9:6,18,ܘܟܠ,,,,Peshitta,PESH
16,Nehemiah,9,6,Nehemiah 9:6,19,ܡܕܡ,,,,Peshitta,PESH
16,Nehemiah,9,6,Nehemiah 9:6,20,ܕܐܝܬ,,,,Peshitta,PESH
16,Nehemiah,9,6,Nehemiah 9:6,21,ܒܗܘܢ,,,,Peshitta,PESH
16,Nehemiah,9,6,Nehemiah 9:6,22,ܘܐܢܬ,,,,Peshitta,PESH
16,Nehemiah,9,6,Nehemiah 9:6,23,ܗܘ,,,,Peshitta,PESH
16,Nehemiah,9,6,Nehemiah 9:6,24,ܕܡܚܐ,,,,Peshitta,PESH
16,Nehemiah,9,6,Nehemiah 9:6,25,ܠܟܠܗܘܢ,,,,Peshitta,PESH
16,Nehemiah,9,6,Nehemiah 9:6,26,ܘܚܝ̈ܠܘܬܐ,,,,Peshitta,PESH
16,Nehemiah,9,6,Nehemiah 9:6,27,ܕܫܡܝܐ,,,,Peshitta,PESH
16,Nehemiah,9,6,Nehemiah 9:6,28,ܠܟ,,,,Peshitta,PESH
16,Nehemiah,9,6,Nehemiah 9:6,29,ܗܘ,,,,Peshitta,PESH
16,Nehemiah,9,6,Nehemiah 9:6,30,ܣ̇ܓܕܝܢ,,,,Peshitta,PESH
16,Nehemiah,9,7,Nehemiah 9:7,1,ܐܢܬ,,,,Peshitta,PESH
16,Nehemiah,9,7,Nehemiah 9:7,2,ܗܘ,,,,Peshitta,PESH
16,Nehemiah,9,7,Nehemiah 9:7,3,ܡܪܝܐ,,,,Peshitta,PESH
16,Nehemiah,9,7,Nehemiah 9:7,4,ܐܠܗܐ,,,,Peshitta,PESH
16,Nehemiah,9,7,Nehemiah 9:7,5,ܕܓܒܝ̣ܬ,,,,Peshitta,PESH
16,Nehemiah,9,7,Nehemiah 9:7,6,ܠܐܒܪܡ,,,,Peshitta,PESH
16,Nehemiah,9,7,Nehemiah 9:7,7,ܘܐܦܩܬܝܗܝ,,,,Peshitta,PESH
16,Nehemiah,9,7,Nehemiah 9:7,8,ܡܢ,,,,Peshitta,PESH
16,Nehemiah,9,7,Nehemiah 9:7,9,ܐܘܪ,,,,Peshitta,PESH
16,Nehemiah,9,7,Nehemiah 9:7,10,ܕܟܠܕܝ̈ܐ,,,,Peshitta,PESH
16,Nehemiah,9,7,Nehemiah 9:7,11,ܘܫܚܠܦ̣ܬ,,,,Peshitta,PESH
16,Nehemiah,9,7,Nehemiah 9:7,12,ܫܡܗ,,,,Peshitta,PESH
16,Nehemiah,9,7,Nehemiah 9:7,13,ܐܒܪܗܡ,,,,Peshitta,PESH
16,Nehemiah,9,8,Nehemiah 9:8,1,ܘܐܫܟܚ̣ܬ,,,,Peshitta,PESH
16,Nehemiah,9,8,Nehemiah 9:8,2,ܠܒܗ,,,,Peshitta,PESH
16,Nehemiah,9,8,Nehemiah 9:8,3,ܕܟܐ,,,,Peshitta,PESH
16,Nehemiah,9,8,Nehemiah 9:8,4,ܩܕܡܝܟ,,,,Peshitta,PESH
16,Nehemiah,9,8,Nehemiah 9:8,5,ܘܝܡܝ̣ܬ,,,,Peshitta,PESH
16,Nehemiah,9,8,Nehemiah 9:8,6,ܠܗ,,,,Peshitta,PESH
16,Nehemiah,9,8,Nehemiah 9:8,7,ܡܘܡ̈ܬܐ,,,,Peshitta,PESH
16,Nehemiah,9,8,Nehemiah 9:8,8,ܠܡܬܠ,,,,Peshitta,PESH
16,Nehemiah,9,8,Nehemiah 9:8,9,ܠܗ,,,,Peshitta,PESH
16,Nehemiah,9,8,Nehemiah 9:8,10,ܐܪܥܐ,,,,Peshitta,PESH
16,Nehemiah,9,8,Nehemiah 9:8,11,ܕܟܢܥܢܝ̈ܐ,,,,Peshitta,PESH
16,Nehemiah,9,8,Nehemiah 9:8,12,ܘܕܚ̈ܬܝܐ,,,,Peshitta,PESH
16,Nehemiah,9,8,Nehemiah 9:8,13,ܘܕܐܡܘܪ̈ܝܐ,,,,Peshitta,PESH
16,Nehemiah,9,8,Nehemiah 9:8,14,ܘܕܦܪ̈ܙܝܐ,,,,Peshitta,PESH
16,Nehemiah,9,8,Nehemiah 9:8,15,ܘܕܚܘܝ̈ܐ,,,,Peshitta,PESH
16,Nehemiah,9,8,Nehemiah 9:8,16,ܘܕܝܒܘܣܝ̈ܐ,,,,Peshitta,PESH
16,Nehemiah,9,8,Nehemiah 9:8,17,ܘܕܓܪ̈ܓܘܣܝܐ,,,,Peshitta,PESH
16,Nehemiah,9,8,Nehemiah 9:8,18,ܠܡܬܠ,,,,Peshitta,PESH
16,Nehemiah,9,8,Nehemiah 9:8,19,ܠܙܪܥܗ,,,,Peshitta,PESH
16,Nehemiah,9,8,Nehemiah 9:8,20,ܘܐܫܪܬ,,,,Peshitta,PESH
16,Nehemiah,9,8,Nehemiah 9:8,21,ܡ̈ܠܝܟ,,,,Peshitta,PESH
16,Nehemiah,9,8,Nehemiah 9:8,22,ܥܡܗ,,,,Peshitta,PESH
16,Nehemiah,9,8,Nehemiah 9:8,23,ܡܛܠ,,,,Peshitta,PESH
16,Nehemiah,9,8,Nehemiah 9:8,24,ܕܙܕܝܩ,,,,Peshitta,PESH
16,Nehemiah,9,8,Nehemiah 9:8,25,ܐܢܬ,,,,Peshitta,PESH
16,Nehemiah,9,9,Nehemiah 9:9,1,ܘܚܙܝ̣ܬ,,,,Peshitta,PESH
16,Nehemiah,9,9,Nehemiah 9:9,2,ܫܘܥܒܕܐ,,,,Peshitta,PESH
16,Nehemiah,9,9,Nehemiah 9:9,3,ܕܐܒ̈ܗܝܢ,,,,Peshitta,PESH
16,Nehemiah,9,9,Nehemiah 9:9,4,ܕܒܡܨܪܝܢ,,,,Peshitta,PESH
16,Nehemiah,9,9,Nehemiah 9:9,5,ܘܫܡܥ̣ܬ,,,,Peshitta,PESH
16,Nehemiah,9,9,Nehemiah 9:9,6,ܝܠܠܬܗܘܢ,,,,Peshitta,PESH
16,Nehemiah,9,9,Nehemiah 9:9,7,ܥܠ,,,,Peshitta,PESH
16,Nehemiah,9,9,Nehemiah 9:9,8,ܝܡܐ,,,,Peshitta,PESH
16,Nehemiah,9,9,Nehemiah 9:9,9,ܕܣܘܦ,,,,Peshitta,PESH
16,Nehemiah,9,10,Nehemiah 9:10,1,ܘܥܒܕ̣ܬ,,,,Peshitta,PESH
16,Nehemiah,9,10,Nehemiah 9:10,2,ܐܬܘ̈ܬܐ,,,,Peshitta,PESH
16,Nehemiah,9,10,Nehemiah 9:10,3,ܘܬܕܡܪ̈ܬܐ,,,,Peshitta,PESH
16,Nehemiah,9,10,Nehemiah 9:10,4,ܒܦܪܥܘܢ,,,,Peshitta,PESH
16,Nehemiah,9,10,Nehemiah 9:10,5,ܘܒܟܠܗ,,,,Peshitta,PESH
16,Nehemiah,9,10,Nehemiah 9:10,6,ܚܝܠܗ,,,,Peshitta,PESH
16,Nehemiah,9,10,Nehemiah 9:10,7,ܘܒܟܠܗ,,,,Peshitta,PESH
16,Nehemiah,9,10,Nehemiah 9:10,8,ܥܡܐ,,,,Peshitta,PESH
16,Nehemiah,9,10,Nehemiah 9:10,9,ܕܐܪܥܗ,,,,Peshitta,PESH
16,Nehemiah,9,10,Nehemiah 9:10,10,ܡܛܠ,,,,Peshitta,PESH
16,Nehemiah,9,10,Nehemiah 9:10,11,ܕܝܕܥ̣ܬ,,,,Peshitta,PESH
16,Nehemiah,9,10,Nehemiah 9:10,12,ܕܐܥܠܝܘ,,,,Peshitta,PESH
16,Nehemiah,9,10,Nehemiah 9:10,13,ܒܗܘܢ,,,,Peshitta,PESH
16,Nehemiah,9,10,Nehemiah 9:10,14,ܒܥܡܟ,,,,Peshitta,PESH
16,Nehemiah,9,10,Nehemiah 9:10,15,ܘܥܒܕ̣ܬ,,,,Peshitta,PESH
16,Nehemiah,9,10,Nehemiah 9:10,16,ܠܟ,,,,Peshitta,PESH
16,Nehemiah,9,10,Nehemiah 9:10,17,ܫܡܐ,,,,Peshitta,PESH
16,Nehemiah,9,10,Nehemiah 9:10,18,ܐܝܟ,,,,Peshitta,PESH
16,Nehemiah,9,10,Nehemiah 9:10,19,ܕܝܘܡܢܐ,,,,Peshitta,PESH
16,Nehemiah,9,11,Nehemiah 9:11,1,ܘܝܡܐ,,,,Peshitta,PESH
16,Nehemiah,9,11,Nehemiah 9:11,2,ܬܪܥ̣ܬ,,,,Peshitta,PESH
16,Nehemiah,9,11,Nehemiah 9:11,3,ܩܕܡܝܗܘܢ,,,,Peshitta,PESH
16,Nehemiah,9,11,Nehemiah 9:11,4,ܘܥܒܪܘ,,,,Peshitta,PESH
16,Nehemiah,9,11,Nehemiah 9:11,5,ܒܓܘ,,,,Peshitta,PESH
16,Nehemiah,9,11,Nehemiah 9:11,6,ܝܡܐ,,,,Peshitta,PESH
16,Nehemiah,9,11,Nehemiah 9:11,7,ܒܝܒܫܐ,,,,Peshitta,PESH
16,Nehemiah,9,11,Nehemiah 9:11,8,ܘܠܪ̈ܕܘܦܝܗܘܢ,,,,Peshitta,PESH
16,Nehemiah,9,11,Nehemiah 9:11,9,ܛܒܥ̣ܬ,,,,Peshitta,PESH
16,Nehemiah,9,11,Nehemiah 9:11,10,ܒܥܘܡ̈ܩܘܗܝ,,,,Peshitta,PESH
16,Nehemiah,9,11,Nehemiah 9:11,11,ܕܝܡܐ,,,,Peshitta,PESH
16,Nehemiah,9,11,Nehemiah 9:11,12,ܐܝܟ,,,,Peshitta,PESH
16,Nehemiah,9,11,Nehemiah 9:11,13,ܕܛܒܥܐ,,,,Peshitta,PESH
16,Nehemiah,9,11,Nehemiah 9:11,14,ܟܐܦܐ,,,,Peshitta,PESH
16,Nehemiah,9,11,Nehemiah 9:11,15,ܒܡܝ̈ܐ,,,,Peshitta,PESH
16,Nehemiah,9,11,Nehemiah 9:11,16,ܥܫܝ̈ܢܐ,,,,Peshitta,PESH
16,Nehemiah,9,12,Nehemiah 9:12,1,ܘܒܥܡܘܕܐ,,,,Peshitta,PESH
16,Nehemiah,9,12,Nehemiah 9:12,2,ܕܥܢܢܐ,,,,Peshitta,PESH
16,Nehemiah,9,12,Nehemiah 9:12,3,ܕܒܪ̣ܬ,,,,Peshitta,PESH
16,Nehemiah,9,12,Nehemiah 9:12,4,ܐܢܘܢ,,,,Peshitta,PESH
16,Nehemiah,9,12,Nehemiah 9:12,5,ܒܐܝܡܡܐ,,,,Peshitta,PESH
16,Nehemiah,9,12,Nehemiah 9:12,6,ܘܒܐܣܛܘܢܐ,,,,Peshitta,PESH
16,Nehemiah,9,12,Nehemiah 9:12,7,ܕܢܘܪܐ,,,,Peshitta,PESH
16,Nehemiah,9,12,Nehemiah 9:12,8,ܒܠܠܝܐ,,,,Peshitta,PESH
16,Nehemiah,9,12,Nehemiah 9:12,9,ܠܡܢܗܪܘ,,,,Peshitta,PESH
16,Nehemiah,9,12,Nehemiah 9:12,10,ܠܗܘܢ,,,,Peshitta,PESH
16,Nehemiah,9,12,Nehemiah 9:12,11,ܐܘܪܚܐ,,,,Peshitta,PESH
16,Nehemiah,9,12,Nehemiah 9:12,12,ܠܡܗܠܟܘ,,,,Peshitta,PESH
16,Nehemiah,9,12,Nehemiah 9:12,13,ܒܗ̇,,,,Peshitta,PESH
16,Nehemiah,9,13,Nehemiah 9:13,1,ܘܥܠ,,,,Peshitta,PESH
16,Nehemiah,9,13,Nehemiah 9:13,2,ܛܘܪܐ,,,,Peshitta,PESH
16,Nehemiah,9,13,Nehemiah 9:13,3,ܕܣܝܢܝ,,,,Peshitta,PESH
16,Nehemiah,9,13,Nehemiah 9:13,4,ܢܚܬ̣ܬ,,,,Peshitta,PESH
16,Nehemiah,9,13,Nehemiah 9:13,5,ܘܡܠܠ̣ܬ,,,,Peshitta,PESH
16,Nehemiah,9,13,Nehemiah 9:13,6,ܥܡܗܘܢ,,,,Peshitta,PESH
16,Nehemiah,9,13,Nehemiah 9:13,7,ܡܢ,,,,Peshitta,PESH
16,Nehemiah,9,13,Nehemiah 9:13,8,ܫܡܝܐ,,,,Peshitta,PESH
16,Nehemiah,9,13,Nehemiah 9:13,9,ܘܝܗܒ̣ܬ,,,,Peshitta,PESH
16,Nehemiah,9,13,Nehemiah 9:13,10,ܠܗܘܢ,,,,Peshitta,PESH
16,Nehemiah,9,13,Nehemiah 9:13,11,ܕܝ̣̈ܢܐ,,,,Peshitta,PESH
16,Nehemiah,9,13,Nehemiah 9:13,12,ܬܪ̈ܝܨܐ,,,,Peshitta,PESH
16,Nehemiah,9,13,Nehemiah 9:13,13,ܘܢܡ̈ܘܣܐ,,,,Peshitta,PESH
16,Nehemiah,9,13,Nehemiah 9:13,14,ܕܫܪܪܐ,,,,Peshitta,PESH
16,Nehemiah,9,13,Nehemiah 9:13,15,ܘܩܝ̈ܡܐ,,,,Peshitta,PESH
16,Nehemiah,9,13,Nehemiah 9:13,16,ܘܦܘܩ̈ܕܢܐ,,,,Peshitta,PESH
16,Nehemiah,9,13,Nehemiah 9:13,17,ܕܛܒܝܢ,,,,Peshitta,PESH
16,Nehemiah,9,14,Nehemiah 9:14,1,ܘܫܒܬܐ,,,,Peshitta,PESH
16,Nehemiah,9,14,Nehemiah 9:14,2,ܕܩܘܕܫܟ,,,,Peshitta,PESH
16,Nehemiah,9,14,Nehemiah 9:14,3,ܐܘܕܥ̣ܬ,,,,Peshitta,PESH
16,Nehemiah,9,14,Nehemiah 9:14,4,ܐܢܘܢ,,,,Peshitta,PESH
16,Nehemiah,9,14,Nehemiah 9:14,5,ܘܦܘܩ̈ܕܢܐ,,,,Peshitta,PESH
16,Nehemiah,9,14,Nehemiah 9:14,6,ܘܩܝ̈ܡܐ,,,,Peshitta,PESH
16,Nehemiah,9,14,Nehemiah 9:14,7,ܘܢܡ̈ܘܣܐ,,,,Peshitta,PESH
16,Nehemiah,9,14,Nehemiah 9:14,8,ܕܦܩܕ̣ܬ,,,,Peshitta,PESH
16,Nehemiah,9,14,Nehemiah 9:14,9,ܐܢܘܢ,,,,Peshitta,PESH
16,Nehemiah,9,14,Nehemiah 9:14,10,ܒܐܝܕܐ,,,,Peshitta,PESH
16,Nehemiah,9,14,Nehemiah 9:14,11,ܕܡܘܫܐ,,,,Peshitta,PESH
16,Nehemiah,9,14,Nehemiah 9:14,12,ܥܒ̣ܕܟ,,,,Peshitta,PESH
16,Nehemiah,9,15,Nehemiah 9:15,1,ܠܚܡܐ,,,,Peshitta,PESH
16,Nehemiah,9,15,Nehemiah 9:15,2,ܡܢ,,,,Peshitta,PESH
16,Nehemiah,9,15,Nehemiah 9:15,3,ܫܡܝܐ,,,,Peshitta,PESH
16,Nehemiah,9,15,Nehemiah 9:15,4,ܝܗܒ̣ܬ,,,,Peshitta,PESH
16,Nehemiah,9,15,Nehemiah 9:15,5,ܠܗܘܢ,,,,Peshitta,PESH
16,Nehemiah,9,15,Nehemiah 9:15,6,ܠܟܦܢܗܘܢ,,,,Peshitta,PESH
16,Nehemiah,9,15,Nehemiah 9:15,7,ܘܡܝ̈ܐ,,,,Peshitta,PESH
16,Nehemiah,9,15,Nehemiah 9:15,8,ܡܢ,,,,Peshitta,PESH
16,Nehemiah,9,15,Nehemiah 9:15,9,ܟܐܦܐ,,,,Peshitta,PESH
16,Nehemiah,9,15,Nehemiah 9:15,10,ܝܗܒ̣ܬ,,,,Peshitta,PESH
16,Nehemiah,9,15,Nehemiah 9:15,11,ܠܗܘܢ,,,,Peshitta,PESH
16,Nehemiah,9,15,Nehemiah 9:15,12,ܠܨܗܝܗܘܢ,,,,Peshitta,PESH
16,Nehemiah,9,15,Nehemiah 9:15,13,ܘܐܡܪ̣ܬ,,,,Peshitta,PESH
16,Nehemiah,9,15,Nehemiah 9:15,14,ܠܗܘܢ,,,,Peshitta,PESH
16,Nehemiah,9,15,Nehemiah 9:15,15,ܠܡܥܠ,,,,Peshitta,PESH
16,Nehemiah,9,15,Nehemiah 9:15,16,ܘܠܡܐܪܬ,,,,Peshitta,PESH
16,Nehemiah,9,15,Nehemiah 9:15,17,ܐܪܥܐ,,,,Peshitta,PESH
16,Nehemiah,9,15,Nehemiah 9:15,18,ܕܐܬܩܢܬ,,,,Peshitta,PESH
16,Nehemiah,9,15,Nehemiah 9:15,19,ܐܝܕܟ,,,,Peshitta,PESH
16,Nehemiah,9,15,Nehemiah 9:15,20,ܠܡܬܠ,,,,Peshitta,PESH
16,Nehemiah,9,15,Nehemiah 9:15,21,ܠܗܘܢ,,,,Peshitta,PESH
16,Nehemiah,9,16,Nehemiah 9:16,1,ܗ̣ܢܘܢ,,,,Peshitta,PESH
16,Nehemiah,9,16,Nehemiah 9:16,2,ܕܝܢ,,,,Peshitta,PESH
16,Nehemiah,9,16,Nehemiah 9:16,3,ܘܐܒܗܝ̈ܗܘܢ,,,,Peshitta,PESH
16,Nehemiah,9,16,Nehemiah 9:16,4,ܐܥܠܝܘ,,,,Peshitta,PESH
16,Nehemiah,9,16,Nehemiah 9:16,5,ܘܩܫܝܘ,,,,Peshitta,PESH
16,Nehemiah,9,16,Nehemiah 9:16,6,ܩܕܠܗܘܢ,,,,Peshitta,PESH
16,Nehemiah,9,16,Nehemiah 9:16,7,ܘܠܐ,,,,Peshitta,PESH
16,Nehemiah,9,16,Nehemiah 9:16,8,ܫ̣ܡܥܘ,,,,Peshitta,PESH
16,Nehemiah,9,16,Nehemiah 9:16,9,ܠܦܘܩ̈ܕܢܝܟ,,,,Peshitta,PESH
16,Nehemiah,9,17,Nehemiah 9:17,1,ܘܠܐ,,,,Peshitta,PESH
16,Nehemiah,9,17,Nehemiah 9:17,2,ܨܒܘ,,,,Peshitta,PESH
16,Nehemiah,9,17,Nehemiah 9:17,3,ܠܡܫܡܥ,,,,Peshitta,PESH
16,Nehemiah,9,17,Nehemiah 9:17,4,ܘܠܐ,,,,Peshitta,PESH
16,Nehemiah,9,17,Nehemiah 9:17,5,ܐܬܕܟܪܘ,,,,Peshitta,PESH
16,Nehemiah,9,17,Nehemiah 9:17,6,ܬܕܡܪ̈ܬܟ,,,,Peshitta,PESH
16,Nehemiah,9,17,Nehemiah 9:17,7,ܕܥܒܕ̣ܬ,,,,Peshitta,PESH
16,Nehemiah,9,17,Nehemiah 9:17,8,ܠܗܘܢ,,,,Peshitta,PESH
16,Nehemiah,9,17,Nehemiah 9:17,9,ܘܗ̣ܦܟ,,,,Peshitta,PESH
16,Nehemiah,9,17,Nehemiah 9:17,10,ܠܒܗܘܢ,,,,Peshitta,PESH
16,Nehemiah,9,17,Nehemiah 9:17,11,ܠܥܒ̇ܕܝ̈ܗܘܢ,,,,Peshitta,PESH
16,Nehemiah,9,17,Nehemiah 9:17,12,ܒܝ̈ܫܐ,,,,Peshitta,PESH
16,Nehemiah,9,17,Nehemiah 9:17,13,ܘܐܢܬ,,,,Peshitta,PESH
16,Nehemiah,9,17,Nehemiah 9:17,14,ܐܠܗܐ,,,,Peshitta,PESH
16,Nehemiah,9,17,Nehemiah 9:17,15,ܫܒܘܩܐ,,,,Peshitta,PESH
16,Nehemiah,9,17,Nehemiah 9:17,16,ܘܪܚܡܬܢܐ,,,,Peshitta,PESH
16,Nehemiah,9,17,Nehemiah 9:17,17,ܘܚܢܢܐ,,,,Peshitta,PESH
16,Nehemiah,9,17,Nehemiah 9:17,18,ܪܚܝܩ,,,,Peshitta,PESH
16,Nehemiah,9,17,Nehemiah 9:17,19,ܪܘܓܙܐ,,,,Peshitta,PESH
16,Nehemiah,9,17,Nehemiah 9:17,20,ܘܩܪܝܒ,,,,Peshitta,PESH
16,Nehemiah,9,17,Nehemiah 9:17,21,ܒܥܘܬܐ,,,,Peshitta,PESH
16,Nehemiah,9,17,Nehemiah 9:17,22,ܠܐ,,,,Peshitta,PESH
16,Nehemiah,9,17,Nehemiah 9:17,23,ܫܒܩ̣ܬ,,,,Peshitta,PESH
16,Nehemiah,9,17,Nehemiah 9:17,24,ܐܢܘܢ,,,,Peshitta,PESH
16,Nehemiah,9,18,Nehemiah 9:18,1,ܡܛܠ,,,,Peshitta,PESH
16,Nehemiah,9,18,Nehemiah 9:18,2,ܕܗܢܘܢ,,,,Peshitta,PESH
16,Nehemiah,9,18,Nehemiah 9:18,3,ܥ̣ܒܕܘ,,,,Peshitta,PESH
16,Nehemiah,9,18,Nehemiah 9:18,4,ܥܓܠܐ,,,,Peshitta,PESH
16,Nehemiah,9,18,Nehemiah 9:18,5,ܕܢܣܟܬܐ,,,,Peshitta,PESH
16,Nehemiah,9,18,Nehemiah 9:18,6,ܘܐܡܪܝܢ,,,,Peshitta,PESH
16,Nehemiah,9,18,Nehemiah 9:18,7,ܗܢܘ,,,,Peshitta,PESH
16,Nehemiah,9,18,Nehemiah 9:18,8,ܐܠܗܟ,,,,Peshitta,PESH
16,Nehemiah,9,18,Nehemiah 9:18,9,ܐܝܣܪܝܠ,,,,Peshitta,PESH
16,Nehemiah,9,18,Nehemiah 9:18,10,ܕܐܣܩܟ,,,,Peshitta,PESH
16,Nehemiah,9,18,Nehemiah 9:18,11,ܡܢ,,,,Peshitta,PESH
16,Nehemiah,9,18,Nehemiah 9:18,12,ܐܪܥܐ,,,,Peshitta,PESH
16,Nehemiah,9,18,Nehemiah 9:18,13,ܕܡܨܪܝܢ,,,,Peshitta,PESH
16,Nehemiah,9,18,Nehemiah 9:18,14,ܘܥ̣ܒܕܘ,,,,Peshitta,PESH
16,Nehemiah,9,18,Nehemiah 9:18,15,ܒܝ̈ܫܬܐ,,,,Peshitta,PESH
16,Nehemiah,9,18,Nehemiah 9:18,16,ܪ̈ܘܪܒܬܐ,,,,Peshitta,PESH
16,Nehemiah,9,19,Nehemiah 9:19,1,ܘܐܢܬ,,,,Peshitta,PESH
16,Nehemiah,9,19,Nehemiah 9:19,2,ܒܪ̈ܚܡܝܟ,,,,Peshitta,PESH
16,Nehemiah,9,19,Nehemiah 9:19,3,ܣܓܝ̈ܐܐ,,,,Peshitta,PESH
16,Nehemiah,9,19,Nehemiah 9:19,4,ܠܐ,,,,Peshitta,PESH
16,Nehemiah,9,19,Nehemiah 9:19,5,ܫܒܩ̣ܬ,,,,Peshitta,PESH
16,Nehemiah,9,19,Nehemiah 9:19,6,ܐܢܘܢ,,,,Peshitta,PESH
16,Nehemiah,9,19,Nehemiah 9:19,7,ܒܡܕܒܪܐ,,,,Peshitta,PESH
16,Nehemiah,9,19,Nehemiah 9:19,8,ܘܥܡܘܕܐ,,,,Peshitta,PESH
16,Nehemiah,9,19,Nehemiah 9:19,9,ܕܥܢܢܐ,,,,Peshitta,PESH
16,Nehemiah,9,19,Nehemiah 9:19,10,ܠܐ,,,,Peshitta,PESH
16,Nehemiah,9,19,Nehemiah 9:19,11,ܥ̣ܒܪ,,,,Peshitta,PESH
16,Nehemiah,9,19,Nehemiah 9:19,12,ܡܢܗܘܢ,,,,Peshitta,PESH
16,Nehemiah,9,19,Nehemiah 9:19,13,ܒܐܝܡܡܐ,,,,Peshitta,PESH
16,Nehemiah,9,19,Nehemiah 9:19,14,ܠܡܕܒܪܘ,,,,Peshitta,PESH
16,Nehemiah,9,19,Nehemiah 9:19,15,ܐܢܘܢ,,,,Peshitta,PESH
16,Nehemiah,9,19,Nehemiah 9:19,16,ܒܐܘܪܚܐ,,,,Peshitta,PESH
16,Nehemiah,9,19,Nehemiah 9:19,17,ܘܐܣܛܘܢܐ,,,,Peshitta,PESH
16,Nehemiah,9,19,Nehemiah 9:19,18,ܕܢܘܪܐ,,,,Peshitta,PESH
16,Nehemiah,9,19,Nehemiah 9:19,19,ܒܠܠܝܐ,,,,Peshitta,PESH
16,Nehemiah,9,19,Nehemiah 9:19,20,ܠܡܢܗܪܘ,,,,Peshitta,PESH
16,Nehemiah,9,19,Nehemiah 9:19,21,ܠܗܘܢ,,,,Peshitta,PESH
16,Nehemiah,9,19,Nehemiah 9:19,22,ܐܘܪܚܐ,,,,Peshitta,PESH
16,Nehemiah,9,19,Nehemiah 9:19,23,ܕܢܐܙܠܘܢ,,,,Peshitta,PESH
16,Nehemiah,9,19,Nehemiah 9:19,24,ܒܗ̇,,,,Peshitta,PESH
16,Nehemiah,9,20,Nehemiah 9:20,1,ܘܪܘܚܟ,,,,Peshitta,PESH
16,Nehemiah,9,20,Nehemiah 9:20,2,ܛܒܬܐ,,,,Peshitta,PESH
16,Nehemiah,9,20,Nehemiah 9:20,3,ܝܗܒ̣ܬ,,,,Peshitta,PESH
16,Nehemiah,9,20,Nehemiah 9:20,4,ܠܡܠܦܘ,,,,Peshitta,PESH
16,Nehemiah,9,20,Nehemiah 9:20,5,ܐܢܘܢ,,,,Peshitta,PESH
16,Nehemiah,9,20,Nehemiah 9:20,6,ܘܡܢܢܐ,,,,Peshitta,PESH
16,Nehemiah,9,20,Nehemiah 9:20,7,ܠܐ,,,,Peshitta,PESH
16,Nehemiah,9,20,Nehemiah 9:20,8,ܟܠܝ̣ܬ,,,,Peshitta,PESH
16,Nehemiah,9,20,Nehemiah 9:20,9,ܡܢ,,,,Peshitta,PESH
16,Nehemiah,9,20,Nehemiah 9:20,10,ܦܘܡܗܘܢ,,,,Peshitta,PESH
16,Nehemiah,9,20,Nehemiah 9:20,11,ܘܡܝ̈ܐ,,,,Peshitta,PESH
16,Nehemiah,9,20,Nehemiah 9:20,12,ܝܗܒ̣ܬ,,,,Peshitta,PESH
16,Nehemiah,9,20,Nehemiah 9:20,13,ܠܗܘܢ,,,,Peshitta,PESH
16,Nehemiah,9,20,Nehemiah 9:20,14,ܠܨܗܝܗܘܢ,,,,Peshitta,PESH
16,Nehemiah,9,21,Nehemiah 9:21,1,ܘܐܪܒܥܝܢ,,,,Peshitta,PESH
16,Nehemiah,9,21,Nehemiah 9:21,2,ܫܢ̈ܝܢ,,,,Peshitta,PESH
16,Nehemiah,9,21,Nehemiah 9:21,3,ܡܕܡ,,,,Peshitta,PESH
16,Nehemiah,9,21,Nehemiah 9:21,4,ܠܐ,,,,Peshitta,PESH
16,Nehemiah,9,21,Nehemiah 9:21,5,ܚܣܪ̣ܬ,,,,Peshitta,PESH
16,Nehemiah,9,21,Nehemiah 9:21,6,ܠܗܘܢ,,,,Peshitta,PESH
16,Nehemiah,9,21,Nehemiah 9:21,7,ܒܡܕܒܪܐ,,,,Peshitta,PESH
16,Nehemiah,9,21,Nehemiah 9:21,8,ܢܚܬܝ̈ܗܘܢ,,,,Peshitta,PESH
16,Nehemiah,9,21,Nehemiah 9:21,9,ܠܐ,,,,Peshitta,PESH
16,Nehemiah,9,21,Nehemiah 9:21,10,ܒܠܝܘ,,,,Peshitta,PESH
16,Nehemiah,9,21,Nehemiah 9:21,11,ܘܡܣܢܝ̈ܗܘܢ,,,,Peshitta,PESH
16,Nehemiah,9,21,Nehemiah 9:21,12,ܠܐ,,,,Peshitta,PESH
16,Nehemiah,9,21,Nehemiah 9:21,13,ܐܬܒܙܥܘ,,,,Peshitta,PESH
16,Nehemiah,9,22,Nehemiah 9:22,1,ܘܝܗܒ̣ܬ,,,,Peshitta,PESH
16,Nehemiah,9,22,Nehemiah 9:22,2,ܠܗܘܢ,,,,Peshitta,PESH
16,Nehemiah,9,22,Nehemiah 9:22,3,ܡܠܟܘ̈ܬܐ,,,,Peshitta,PESH
16,Nehemiah,9,22,Nehemiah 9:22,4,ܕܥܡܡ̈ܐ,,,,Peshitta,PESH
16,Nehemiah,9,22,Nehemiah 9:22,5,ܘܦܠܓ̣ܬ,,,,Peshitta,PESH
16,Nehemiah,9,22,Nehemiah 9:22,6,ܠܗܘܢ,,,,Peshitta,PESH
16,Nehemiah,9,22,Nehemiah 9:22,7,ܠܪܝܫ,,,,Peshitta,PESH
16,Nehemiah,9,22,Nehemiah 9:22,8,ܐܢܫ,,,,Peshitta,PESH
16,Nehemiah,9,22,Nehemiah 9:22,9,ܘܝܪܬܘ,,,,Peshitta,PESH
16,Nehemiah,9,22,Nehemiah 9:22,10,ܐܪܥܐ,,,,Peshitta,PESH
16,Nehemiah,9,22,Nehemiah 9:22,11,ܕܣܝܚܘܢ,,,,Peshitta,PESH
16,Nehemiah,9,22,Nehemiah 9:22,12,ܐܪܥܐ,,,,Peshitta,PESH
16,Nehemiah,9,22,Nehemiah 9:22,13,ܕܡ̇ܠܟܐ,,,,Peshitta,PESH
16,Nehemiah,9,22,Nehemiah 9:22,14,ܕܚܫܒܘܢ,,,,Peshitta,PESH
16,Nehemiah,9,22,Nehemiah 9:22,15,ܘܐܪܥܐ,,,,Peshitta,PESH
16,Nehemiah,9,22,Nehemiah 9:22,16,ܕܥ̣ܘܓ,,,,Peshitta,PESH
16,Nehemiah,9,22,Nehemiah 9:22,17,ܡܠܟܐ,,,,Peshitta,PESH
16,Nehemiah,9,22,Nehemiah 9:22,18,ܕܒܝܫܘܢ,,,,Peshitta,PESH
16,Nehemiah,9,23,Nehemiah 9:23,1,ܘܒܢܝ̈ܗܘܢ,,,,Peshitta,PESH
16,Nehemiah,9,23,Nehemiah 9:23,2,ܐܣܓܝ̣ܬ,,,,Peshitta,PESH
16,Nehemiah,9,23,Nehemiah 9:23,3,ܐܝܟ,,,,Peshitta,PESH
16,Nehemiah,9,23,Nehemiah 9:23,4,ܟܘܟܒ̈ܐ,,,,Peshitta,PESH
16,Nehemiah,9,23,Nehemiah 9:23,5,ܕܒܫܡܝܐ,,,,Peshitta,PESH
16,Nehemiah,9,23,Nehemiah 9:23,6,ܘܐܥܠ̣ܬ,,,,Peshitta,PESH
16,Nehemiah,9,23,Nehemiah 9:23,7,ܐܢܘܢ,,,,Peshitta,PESH
16,Nehemiah,9,23,Nehemiah 9:23,8,ܠܐܪܥܐ,,,,Peshitta,PESH
16,Nehemiah,9,23,Nehemiah 9:23,9,ܕܐܡ̣ܪܬ,,,,Peshitta,PESH
16,Nehemiah,9,23,Nehemiah 9:23,10,ܠܐܒܗܝ̈ܗܘܢ,,,,Peshitta,PESH
16,Nehemiah,9,23,Nehemiah 9:23,11,ܠܡܥܠ,,,,Peshitta,PESH
16,Nehemiah,9,23,Nehemiah 9:23,12,ܠܗ̇,,,,Peshitta,PESH
16,Nehemiah,9,23,Nehemiah 9:23,13,ܠܡܐܪܬܗ̇,,,,Peshitta,PESH
16,Nehemiah,9,24,Nehemiah 9:24,1,ܘܥܠܘ,,,,Peshitta,PESH
16,Nehemiah,9,24,Nehemiah 9:24,2,ܒܢܝ̈ܐ,,,,Peshitta,PESH
16,Nehemiah,9,24,Nehemiah 9:24,3,ܘܝܪܬܘ,,,,Peshitta,PESH
16,Nehemiah,9,24,Nehemiah 9:24,4,ܐܪܥܐ,,,,Peshitta,PESH
16,Nehemiah,9,24,Nehemiah 9:24,5,ܘܬܒܪ̣ܬ,,,,Peshitta,PESH
16,Nehemiah,9,24,Nehemiah 9:24,6,ܩܕܡܝܗܘܢ,,,,Peshitta,PESH
16,Nehemiah,9,24,Nehemiah 9:24,7,ܥܡܘܪ̈ܝܗ̇,,,,Peshitta,PESH
16,Nehemiah,9,24,Nehemiah 9:24,8,ܕܐܪܥܐ,,,,Peshitta,PESH
16,Nehemiah,9,24,Nehemiah 9:24,9,ܕܟܢܥܢܝ̈ܐ,,,,Peshitta,PESH
16,Nehemiah,9,24,Nehemiah 9:24,10,ܘܐܫܠܡ̣ܬ,,,,Peshitta,PESH
16,Nehemiah,9,24,Nehemiah 9:24,11,ܐܢܘܢ,,,,Peshitta,PESH
16,Nehemiah,9,24,Nehemiah 9:24,12,ܒܐܝܕܝ̈ܗܘܢ,,,,Peshitta,PESH
16,Nehemiah,9,24,Nehemiah 9:24,13,ܠܗܘܢ,,,,Peshitta,PESH
16,Nehemiah,9,24,Nehemiah 9:24,14,ܘܠܡ̈ܠܟܝܗܘܢ,,,,Peshitta,PESH
16,Nehemiah,9,24,Nehemiah 9:24,15,ܘܠܥܡ̈ܡܐ,,,,Peshitta,PESH
16,Nehemiah,9,24,Nehemiah 9:24,16,ܕܐܪܥܐ,,,,Peshitta,PESH
16,Nehemiah,9,24,Nehemiah 9:24,17,ܠܡܥܒܕ,,,,Peshitta,PESH
16,Nehemiah,9,24,Nehemiah 9:24,18,ܒܗܘܢ,,,,Peshitta,PESH
16,Nehemiah,9,24,Nehemiah 9:24,19,ܐܝܟ,,,,Peshitta,PESH
16,Nehemiah,9,24,Nehemiah 9:24,20,ܨܒܝܢܗܘܢ,,,,Peshitta,PESH
16,Nehemiah,9,25,Nehemiah 9:25,1,ܘܐܚܕܘ,,,,Peshitta,PESH
16,Nehemiah,9,25,Nehemiah 9:25,2,ܩܘܪ̈ܝܐ,,,,Peshitta,PESH
16,Nehemiah,9,25,Nehemiah 9:25,3,ܬܩܝ̈ܦܬܐ,,,,Peshitta,PESH
16,Nehemiah,9,25,Nehemiah 9:25,4,ܘܐܪܥܐ,,,,Peshitta,PESH
16,Nehemiah,9,25,Nehemiah 9:25,5,ܫܡܝܢܬܐ,,,,Peshitta,PESH
16,Nehemiah,9,25,Nehemiah 9:25,6,ܘܝܪܬܘ,,,,Peshitta,PESH
16,Nehemiah,9,25,Nehemiah 9:25,7,ܒ̈ܬܐ,,,,Peshitta,PESH
16,Nehemiah,9,25,Nehemiah 9:25,8,ܕܡ̣ܠܝܢ,,,,Peshitta,PESH
16,Nehemiah,9,25,Nehemiah 9:25,9,ܟܘܠܗܝܢ,,,,Peshitta,PESH
16,Nehemiah,9,25,Nehemiah 9:25,10,ܛܒ̈ܬܐ,,,,Peshitta,PESH
16,Nehemiah,9,25,Nehemiah 9:25,11,ܘܓܘ̈ܒܐ,,,,Peshitta,PESH
16,Nehemiah,9,25,Nehemiah 9:25,12,ܚܦܝܪ̈ܐ,,,,Peshitta,PESH
16,Nehemiah,9,25,Nehemiah 9:25,13,ܘܟܪ̈ܡܐ,,,,Peshitta,PESH
16,Nehemiah,9,25,Nehemiah 9:25,14,ܘܙܝ̈ܬܐ,,,,Peshitta,PESH
16,Nehemiah,9,25,Nehemiah 9:25,15,ܘܐܝ̈ܠܢܐ,,,,Peshitta,PESH
16,Nehemiah,9,25,Nehemiah 9:25,16,ܕܡܐܟ̈ܠܬܐ,,,,Peshitta,PESH
16,Nehemiah,9,25,Nehemiah 9:25,17,ܣܓܝ̈ܐܬܐ,,,,Peshitta,PESH
16,Nehemiah,9,25,Nehemiah 9:25,18,ܘܐ̣ܟܠܘ,,,,Peshitta,PESH
16,Nehemiah,9,25,Nehemiah 9:25,19,ܘܣ̣ܒܥܘ,,,,Peshitta,PESH
16,Nehemiah,9,25,Nehemiah 9:25,20,ܘܫ̣ܡܢܘ,,,,Peshitta,PESH
16,Nehemiah,9,25,Nehemiah 9:25,21,ܘܐܬܦܢܩܘ,,,,Peshitta,PESH
16,Nehemiah,9,25,Nehemiah 9:25,22,ܒܛܘܒܟ,,,,Peshitta,PESH
16,Nehemiah,9,25,Nehemiah 9:25,23,ܪܒܐ,,,,Peshitta,PESH
16,Nehemiah,9,26,Nehemiah 9:26,1,ܘܗ̣ܦܟܘ,,,,Peshitta,PESH
16,Nehemiah,9,26,Nehemiah 9:26,2,ܘܕܓܠܘ,,,,Peshitta,PESH
16,Nehemiah,9,26,Nehemiah 9:26,3,ܒܟ,,,,Peshitta,PESH
16,Nehemiah,9,26,Nehemiah 9:26,4,ܘܫܕܐܘܗܝ,,,,Peshitta,PESH
16,Nehemiah,9,26,Nehemiah 9:26,5,ܠܢܡܘܣܟ,,,,Peshitta,PESH
16,Nehemiah,9,26,Nehemiah 9:26,6,ܠܒܪ,,,,Peshitta,PESH
16,Nehemiah,9,26,Nehemiah 9:26,7,ܡܢ,,,,Peshitta,PESH
16,Nehemiah,9,26,Nehemiah 9:26,8,ܬܪ̈ܥܝܬܗܘܢ,,,,Peshitta,PESH
16,Nehemiah,9,26,Nehemiah 9:26,9,ܘܠܢܒ̈ܝܝܟ,,,,Peshitta,PESH
16,Nehemiah,9,26,Nehemiah 9:26,10,ܩ̇ܛܠܘ,,,,Peshitta,PESH
16,Nehemiah,9,26,Nehemiah 9:26,11,ܥܠ,,,,Peshitta,PESH
16,Nehemiah,9,26,Nehemiah 9:26,12,ܕܐܡܪܘ,,,,Peshitta,PESH
16,Nehemiah,9,26,Nehemiah 9:26,13,ܠܗܘܢ,,,,Peshitta,PESH
16,Nehemiah,9,26,Nehemiah 9:26,14,ܠܡܗܦܟ,,,,Peshitta,PESH
16,Nehemiah,9,26,Nehemiah 9:26,15,ܠܘܬܟ,,,,Peshitta,PESH
16,Nehemiah,9,26,Nehemiah 9:26,16,ܘܥ̣ܒܕܘ,,,,Peshitta,PESH
16,Nehemiah,9,26,Nehemiah 9:26,17,ܒܝ̈ܫܬܐ,,,,Peshitta,PESH
16,Nehemiah,9,26,Nehemiah 9:26,18,ܪ̈ܘܪܒܬܐ,,,,Peshitta,PESH
16,Nehemiah,9,27,Nehemiah 9:27,1,ܘܐܫܠܡ̣ܬ,,,,Peshitta,PESH
16,Nehemiah,9,27,Nehemiah 9:27,2,ܐܢܘܢ,,,,Peshitta,PESH
16,Nehemiah,9,27,Nehemiah 9:27,3,ܒܐܝܕ,,,,Peshitta,PESH
16,Nehemiah,9,27,Nehemiah 9:27,4,ܒܥܠܕܒܒܝ̈ܗܘܢ,,,,Peshitta,PESH
16,Nehemiah,9,27,Nehemiah 9:27,5,ܘܐܥܝܩܘ,,,,Peshitta,PESH
16,Nehemiah,9,27,Nehemiah 9:27,6,ܠܗܘܢ,,,,Peshitta,PESH
16,Nehemiah,9,27,Nehemiah 9:27,7,ܘܒܥܕܢܐ,,,,Peshitta,PESH
16,Nehemiah,9,27,Nehemiah 9:27,8,ܕܐܘܠܨܢܐ,,,,Peshitta,PESH
16,Nehemiah,9,27,Nehemiah 9:27,9,ܒܥܘ,,,,Peshitta,PESH
16,Nehemiah,9,27,Nehemiah 9:27,10,ܡܢܟ,,,,Peshitta,PESH
16,Nehemiah,9,27,Nehemiah 9:27,11,ܘܫܡܥ̣ܬ,,,,Peshitta,PESH
16,Nehemiah,9,27,Nehemiah 9:27,12,ܐܢܘܢ,,,,Peshitta,PESH
16,Nehemiah,9,27,Nehemiah 9:27,13,ܡܢ,,,,Peshitta,PESH
16,Nehemiah,9,27,Nehemiah 9:27,14,ܫܡܝܐ,,,,Peshitta,PESH
16,Nehemiah,9,27,Nehemiah 9:27,15,ܐܝܟ,,,,Peshitta,PESH
16,Nehemiah,9,27,Nehemiah 9:27,16,ܪ̈ܚܡܝܟ,,,,Peshitta,PESH
16,Nehemiah,9,27,Nehemiah 9:27,17,ܣܓܝ̈ܐܐ,,,,Peshitta,PESH
16,Nehemiah,9,27,Nehemiah 9:27,18,ܘܐܩܝܡ̣ܬ,,,,Peshitta,PESH
16,Nehemiah,9,27,Nehemiah 9:27,19,ܠܗܘܢ,,,,Peshitta,PESH
16,Nehemiah,9,27,Nehemiah 9:27,20,ܦܪ̈ܘܩܐ,,,,Peshitta,PESH
16,Nehemiah,9,27,Nehemiah 9:27,21,ܘܦܪܩܘ,,,,Peshitta,PESH
16,Nehemiah,9,27,Nehemiah 9:27,22,ܐܢܘܢ,,,,Peshitta,PESH
16,Nehemiah,9,27,Nehemiah 9:27,23,ܡܢ,,,,Peshitta,PESH
16,Nehemiah,9,27,Nehemiah 9:27,24,ܐܝܕܐ,,,,Peshitta,PESH
16,Nehemiah,9,27,Nehemiah 9:27,25,ܕܐܠܘܨܝ̈ܗܘܢ,,,,Peshitta,PESH
16,Nehemiah,9,28,Nehemiah 9:28,1,ܘܟܕ,,,,Peshitta,PESH
16,Nehemiah,9,28,Nehemiah 9:28,2,ܐܪܘܚ̣ܬ,,,,Peshitta,PESH
16,Nehemiah,9,28,Nehemiah 9:28,3,ܠܗܘܢ,,,,Peshitta,PESH
16,Nehemiah,9,28,Nehemiah 9:28,4,ܗ̣ܦܟܘ,,,,Peshitta,PESH
16,Nehemiah,9,28,Nehemiah 9:28,5,ܠܡܥܒܕ,,,,Peshitta,PESH
16,Nehemiah,9,28,Nehemiah 9:28,6,ܕܣ̣ܢܐ,,,,Peshitta,PESH
16,Nehemiah,9,28,Nehemiah 9:28,7,ܩܕܡܝܟ,,,,Peshitta,PESH
16,Nehemiah,9,28,Nehemiah 9:28,8,ܘܫܒܩ̣ܬ,,,,Peshitta,PESH
16,Nehemiah,9,28,Nehemiah 9:28,9,ܐܢܘܢ,,,,Peshitta,PESH
16,Nehemiah,9,28,Nehemiah 9:28,10,ܒܐܝܕ,,,,Peshitta,PESH
16,Nehemiah,9,28,Nehemiah 9:28,11,ܒܥܠܕܒܒܝ̈ܗܘܢ,,,,Peshitta,PESH
16,Nehemiah,9,28,Nehemiah 9:28,12,ܘܫܥܒܕܘ,,,,Peshitta,PESH
16,Nehemiah,9,28,Nehemiah 9:28,13,ܐܢܘܢ,,,,Peshitta,PESH
16,Nehemiah,9,28,Nehemiah 9:28,14,ܘܗ̣ܦܟܘ,,,,Peshitta,PESH
16,Nehemiah,9,28,Nehemiah 9:28,15,ܘܨ̇ܠܝܘ,,,,Peshitta,PESH
16,Nehemiah,9,28,Nehemiah 9:28,16,ܩܕܡܝܟ,,,,Peshitta,PESH
16,Nehemiah,9,28,Nehemiah 9:28,17,ܘܐܢܬ,,,,Peshitta,PESH
16,Nehemiah,9,28,Nehemiah 9:28,18,ܡܢ,,,,Peshitta,PESH
16,Nehemiah,9,28,Nehemiah 9:28,19,ܫܡܝܐ,,,,Peshitta,PESH
16,Nehemiah,9,28,Nehemiah 9:28,20,ܫܡܥ̣ܬ,,,,Peshitta,PESH
16,Nehemiah,9,28,Nehemiah 9:28,21,ܘܦܪܩ̣ܬ,,,,Peshitta,PESH
16,Nehemiah,9,28,Nehemiah 9:28,22,ܐܢܘܢ,,,,Peshitta,PESH
16,Nehemiah,9,28,Nehemiah 9:28,23,ܒܟܠ,,,,Peshitta,PESH
16,Nehemiah,9,28,Nehemiah 9:28,24,ܙܒܢ,,,,Peshitta,PESH
16,Nehemiah,9,28,Nehemiah 9:28,25,ܐܝܟ,,,,Peshitta,PESH
16,Nehemiah,9,28,Nehemiah 9:28,26,ܣܘܓܐܬ,,,,Peshitta,PESH
16,Nehemiah,9,28,Nehemiah 9:28,27,ܪ̈ܚܡܝܟ,,,,Peshitta,PESH
16,Nehemiah,9,29,Nehemiah 9:29,1,ܘܐܣܗ̣ܕܬ,,,,Peshitta,PESH
16,Nehemiah,9,29,Nehemiah 9:29,2,ܒܗܘܢ,,,,Peshitta,PESH
16,Nehemiah,9,29,Nehemiah 9:29,3,ܠܡܗܦܟܘ,,,,Peshitta,PESH
16,Nehemiah,9,29,Nehemiah 9:29,4,ܐܢܘܢ,,,,Peshitta,PESH
16,Nehemiah,9,29,Nehemiah 9:29,5,ܠܢܡܘܣܝ̈ܟ,,,,Peshitta,PESH
16,Nehemiah,9,29,Nehemiah 9:29,6,ܘܗܢܘܢ,,,,Peshitta,PESH
16,Nehemiah,9,29,Nehemiah 9:29,7,ܐܥܠܝܘ,,,,Peshitta,PESH
16,Nehemiah,9,29,Nehemiah 9:29,8,ܘܠܐ,,,,Peshitta,PESH
16,Nehemiah,9,29,Nehemiah 9:29,9,ܫ̣ܡܥܘ,,,,Peshitta,PESH
16,Nehemiah,9,29,Nehemiah 9:29,10,ܠܦܘܩ̈ܕܢܝܟ,,,,Peshitta,PESH
16,Nehemiah,9,29,Nehemiah 9:29,11,ܘܒܕܝ̣̈ܢܝܟ,,,,Peshitta,PESH
16,Nehemiah,9,29,Nehemiah 9:29,12,ܚܛܘ,,,,Peshitta,PESH
16,Nehemiah,9,29,Nehemiah 9:29,13,ܒܗܘܢ,,,,Peshitta,PESH
16,Nehemiah,9,29,Nehemiah 9:29,14,ܕܐܢ,,,,Peshitta,PESH
16,Nehemiah,9,29,Nehemiah 9:29,15,ܥܒ̇ܕ,,,,Peshitta,PESH
16,Nehemiah,9,29,Nehemiah 9:29,16,ܠܗܘܢ,,,,Peshitta,PESH
16,Nehemiah,9,29,Nehemiah 9:29,17,ܒܪܢܫܐ,,,,Peshitta,PESH
16,Nehemiah,9,29,Nehemiah 9:29,18,ܚ̇ܝܐ,,,,Peshitta,PESH
16,Nehemiah,9,29,Nehemiah 9:29,19,ܒܗܘܢ,,,,Peshitta,PESH
16,Nehemiah,9,29,Nehemiah 9:29,20,ܘܥ̣ܒܕܘ,,,,Peshitta,PESH
16,Nehemiah,9,29,Nehemiah 9:29,21,ܠܗܘܢ,,,,Peshitta,PESH
16,Nehemiah,9,29,Nehemiah 9:29,22,ܟܬܦܐ,,,,Peshitta,PESH
16,Nehemiah,9,29,Nehemiah 9:29,23,ܡܪܘܕܬܐ,,,,Peshitta,PESH
16,Nehemiah,9,29,Nehemiah 9:29,24,ܘܩܕܠܗܘܢ,,,,Peshitta,PESH
16,Nehemiah,9,29,Nehemiah 9:29,25,ܩܫܝܘ,,,,Peshitta,PESH
16,Nehemiah,9,29,Nehemiah 9:29,26,ܘܠܐ,,,,Peshitta,PESH
16,Nehemiah,9,29,Nehemiah 9:29,27,ܫ̣ܡܥܘ,,,,Peshitta,PESH
16,Nehemiah,9,30,Nehemiah 9:30,1,ܘܐܟܪܙ̣ܬ,,,,Peshitta,PESH
16,Nehemiah,9,30,Nehemiah 9:30,2,ܥܠܝܗܘܢ,,,,Peshitta,PESH
16,Nehemiah,9,30,Nehemiah 9:30,3,ܫܢܝ̈ܐ,,,,Peshitta,PESH
16,Nehemiah,9,30,Nehemiah 9:30,4,ܣܓܝ̈ܐܬܐ,,,,Peshitta,PESH
16,Nehemiah,9,30,Nehemiah 9:30,5,ܘܐܣܗ̣ܕܬ,,,,Peshitta,PESH
16,Nehemiah,9,30,Nehemiah 9:30,6,ܒܗܘܢ,,,,Peshitta,PESH
16,Nehemiah,9,30,Nehemiah 9:30,7,ܒܪܘܚܟ,,,,Peshitta,PESH
16,Nehemiah,9,30,Nehemiah 9:30,8,ܒܐܝܕܐ,,,,Peshitta,PESH
16,Nehemiah,9,30,Nehemiah 9:30,9,ܕܢܒܝ̈ܝܟ,,,,Peshitta,PESH
16,Nehemiah,9,30,Nehemiah 9:30,10,ܘܠܐ,,,,Peshitta,PESH
16,Nehemiah,9,30,Nehemiah 9:30,11,ܫ̣ܡܥܘ,,,,Peshitta,PESH
16,Nehemiah,9,30,Nehemiah 9:30,12,ܘܐܫܠܡ̣ܬ,,,,Peshitta,PESH
16,Nehemiah,9,30,Nehemiah 9:30,13,ܐܢܘܢ,,,,Peshitta,PESH
16,Nehemiah,9,30,Nehemiah 9:30,14,ܒܐܝܕܐ,,,,Peshitta,PESH
16,Nehemiah,9,30,Nehemiah 9:30,15,ܕܥܡ̈ܡܐ,,,,Peshitta,PESH
16,Nehemiah,9,30,Nehemiah 9:30,16,ܕܡܕܝ̈ܢܬܐ,,,,Peshitta,PESH
16,Nehemiah,9,31,Nehemiah 9:31,1,ܘܡܛܠ,,,,Peshitta,PESH
16,Nehemiah,9,31,Nehemiah 9:31,2,ܪ̈ܚܡܝܟ,,,,Peshitta,PESH
16,Nehemiah,9,31,Nehemiah 9:31,3,ܣܓܝ̈ܐܐ,,,,Peshitta,PESH
16,Nehemiah,9,31,Nehemiah 9:31,4,ܠܐ,,,,Peshitta,PESH
16,Nehemiah,9,31,Nehemiah 9:31,5,ܐܘܒ̣ܕܬ,,,,Peshitta,PESH
16,Nehemiah,9,31,Nehemiah 9:31,6,ܐܢܘܢ,,,,Peshitta,PESH
16,Nehemiah,9,31,Nehemiah 9:31,7,ܘܠܐ,,,,Peshitta,PESH
16,Nehemiah,9,31,Nehemiah 9:31,8,ܫܒܩ̣ܬ,,,,Peshitta,PESH
16,Nehemiah,9,31,Nehemiah 9:31,9,ܐܢܘܢ,,,,Peshitta,PESH
16,Nehemiah,9,31,Nehemiah 9:31,10,ܡܛܘܠ,,,,Peshitta,PESH
16,Nehemiah,9,31,Nehemiah 9:31,11,ܕܐܠܗܐ,,,,Peshitta,PESH
16,Nehemiah,9,31,Nehemiah 9:31,12,ܐܢܬ,,,,Peshitta,PESH
16,Nehemiah,9,31,Nehemiah 9:31,13,ܚܢܢܐ,,,,Peshitta,PESH
16,Nehemiah,9,31,Nehemiah 9:31,14,ܘܪܚܡܬܢܐ,,,,Peshitta,PESH
16,Nehemiah,9,32,Nehemiah 9:32,1,ܡܟܝܠ,,,,Peshitta,PESH
16,Nehemiah,9,32,Nehemiah 9:32,2,ܐܠܗܢ,,,,Peshitta,PESH
16,Nehemiah,9,32,Nehemiah 9:32,3,ܐܠܗܐ,,,,Peshitta,PESH
16,Nehemiah,9,32,Nehemiah 9:32,4,ܪܒܐ,,,,Peshitta,PESH
16,Nehemiah,9,32,Nehemiah 9:32,5,ܘܓܢܒܪܐ,,,,Peshitta,PESH
16,Nehemiah,9,32,Nehemiah 9:32,6,ܘܕܚܝܠܐ,,,,Peshitta,PESH
16,Nehemiah,9,32,Nehemiah 9:32,7,ܢ̇ܛܪ,,,,Peshitta,PESH
16,Nehemiah,9,32,Nehemiah 9:32,8,ܡܘܡ̈ܬܐ,,,,Peshitta,PESH
16,Nehemiah,9,32,Nehemiah 9:32,9,ܘܫܪܪܐ,,,,Peshitta,PESH
16,Nehemiah,9,32,Nehemiah 9:32,10,ܠܐ,,,,Peshitta,PESH
16,Nehemiah,9,32,Nehemiah 9:32,11,ܢܬܟܣܐ,,,,Peshitta,PESH
16,Nehemiah,9,32,Nehemiah 9:32,12,ܡܢ,,,,Peshitta,PESH
16,Nehemiah,9,32,Nehemiah 9:32,13,ܩܕܡܝܟ,,,,Peshitta,PESH
16,Nehemiah,9,32,Nehemiah 9:32,14,ܟܠܗ,,,,Peshitta,PESH
16,Nehemiah,9,32,Nehemiah 9:32,15,ܐܘܠܨܢܐ,,,,Peshitta,PESH
16,Nehemiah,9,32,Nehemiah 9:32,16,ܕܐܬܐ,,,,Peshitta,PESH
16,Nehemiah,9,32,Nehemiah 9:32,17,ܥܠܝܢ,,,,Peshitta,PESH
16,Nehemiah,9,32,Nehemiah 9:32,18,ܘܥܠ,,,,Peshitta,PESH
16,Nehemiah,9,32,Nehemiah 9:32,19,ܡ̈ܠܟܝܢ,,,,Peshitta,PESH
16,Nehemiah,9,32,Nehemiah 9:32,20,ܘܥܠ,,,,Peshitta,PESH
16,Nehemiah,9,32,Nehemiah 9:32,21,ܪ̈ܘܪܒܢܝܢ,,,,Peshitta,PESH
16,Nehemiah,9,32,Nehemiah 9:32,22,ܘܥܠ,,,,Peshitta,PESH
16,Nehemiah,9,32,Nehemiah 9:32,23,ܟܘܡܪ̈ܝܢ,,,,Peshitta,PESH
16,Nehemiah,9,32,Nehemiah 9:32,24,ܘܥܠ,,,,Peshitta,PESH
16,Nehemiah,9,32,Nehemiah 9:32,25,ܢܒܝ̈ܝܢ,,,,Peshitta,PESH
16,Nehemiah,9,32,Nehemiah 9:32,26,ܘܥܠ,,,,Peshitta,PESH
16,Nehemiah,9,32,Nehemiah 9:32,27,ܐܒܗ̈ܝܢ,,,,Peshitta,PESH
16,Nehemiah,9,32,Nehemiah 9:32,28,ܘܥܠ,,,,Peshitta,PESH
16,Nehemiah,9,32,Nehemiah 9:32,29,ܟܘܠܗ,,,,Peshitta,PESH
16,Nehemiah,9,32,Nehemiah 9:32,30,ܥܡܐ,,,,Peshitta,PESH
16,Nehemiah,9,32,Nehemiah 9:32,31,ܡܢ,,,,Peshitta,PESH
16,Nehemiah,9,32,Nehemiah 9:32,32,ܝܘܡ̈ܘܗܝ,,,,Peshitta,PESH
16,Nehemiah,9,32,Nehemiah 9:32,33,ܕܡܠܟܐ,,,,Peshitta,PESH
16,Nehemiah,9,32,Nehemiah 9:32,34,ܕܐܬܘܪ,,,,Peshitta,PESH
16,Nehemiah,9,32,Nehemiah 9:32,35,ܘܥܕܡܐ,,,,Peshitta,PESH
16,Nehemiah,9,32,Nehemiah 9:32,36,ܠܝܘܡܢܐ,,,,Peshitta,PESH
16,Nehemiah,9,33,Nehemiah 9:33,1,ܘܐܢܬ,,,,Peshitta,PESH
16,Nehemiah,9,33,Nehemiah 9:33,2,ܙܕܝܩ,,,,Peshitta,PESH
16,Nehemiah,9,33,Nehemiah 9:33,3,ܥܠ,,,,Peshitta,PESH
16,Nehemiah,9,33,Nehemiah 9:33,4,ܟܠܡܕܡ,,,,Peshitta,PESH
16,Nehemiah,9,33,Nehemiah 9:33,5,ܕܐ̣ܬܐ,,,,Peshitta,PESH
16,Nehemiah,9,33,Nehemiah 9:33,6,ܥܠܝܢ,,,,Peshitta,PESH
16,Nehemiah,9,33,Nehemiah 9:33,7,ܡܛܠ,,,,Peshitta,PESH
16,Nehemiah,9,33,Nehemiah 9:33,8,ܕܒܩܘܫܬܐ,,,,Peshitta,PESH
16,Nehemiah,9,33,Nehemiah 9:33,9,ܐܢܬ,,,,Peshitta,PESH
16,Nehemiah,9,33,Nehemiah 9:33,10,ܓܝܪ,,,,Peshitta,PESH
16,Nehemiah,9,33,Nehemiah 9:33,11,ܘܚܢܢ,,,,Peshitta,PESH
16,Nehemiah,9,33,Nehemiah 9:33,12,ܐܥܠܝܢܢ,,,,Peshitta,PESH
16,Nehemiah,9,34,Nehemiah 9:34,1,ܘܡ̈ܠܟܝܢ,,,,Peshitta,PESH
16,Nehemiah,9,34,Nehemiah 9:34,2,ܘܪ̈ܘܪܒܢܝܢ,,,,Peshitta,PESH
16,Nehemiah,9,34,Nehemiah 9:34,3,ܘܟܘܡܪ̈ܝܢ,,,,Peshitta,PESH
16,Nehemiah,9,34,Nehemiah 9:34,4,ܘܐܒܗ̈ܝܢ,,,,Peshitta,PESH
16,Nehemiah,9,34,Nehemiah 9:34,5,ܘܠܐ,,,,Peshitta,PESH
16,Nehemiah,9,34,Nehemiah 9:34,6,ܥ̣ܒܕܘ,,,,Peshitta,PESH
16,Nehemiah,9,34,Nehemiah 9:34,7,ܢܡܘܣܟ,,,,Peshitta,PESH
16,Nehemiah,9,34,Nehemiah 9:34,8,ܘܠܐ,,,,Peshitta,PESH
16,Nehemiah,9,34,Nehemiah 9:34,9,ܨܬܘ,,,,Peshitta,PESH
16,Nehemiah,9,34,Nehemiah 9:34,10,ܠܦܘܩ̈ܕܢܝܟ,,,,Peshitta,PESH
16,Nehemiah,9,34,Nehemiah 9:34,11,ܘܠܣܗ̈ܕܘܬܟ,,,,Peshitta,PESH
16,Nehemiah,9,34,Nehemiah 9:34,12,ܕܐܣ̣ܗܕܬ,,,,Peshitta,PESH
16,Nehemiah,9,34,Nehemiah 9:34,13,ܒܗܘܢ,,,,Peshitta,PESH
16,Nehemiah,9,35,Nehemiah 9:35,1,ܘܟ̣ܦܪܘ,,,,Peshitta,PESH
16,Nehemiah,9,35,Nehemiah 9:35,2,ܒܡܠܟܘܬܟ,,,,Peshitta,PESH
16,Nehemiah,9,35,Nehemiah 9:35,3,ܘܒܛܘܒܟ,,,,Peshitta,PESH
16,Nehemiah,9,35,Nehemiah 9:35,4,ܪܒܐ,,,,Peshitta,PESH
16,Nehemiah,9,35,Nehemiah 9:35,5,ܕܝܗ̣ܒܬ,,,,Peshitta,PESH
16,Nehemiah,9,35,Nehemiah 9:35,6,ܠܗܘܢ,,,,Peshitta,PESH
16,Nehemiah,9,35,Nehemiah 9:35,7,ܒܐܪܥܐ,,,,Peshitta,PESH
16,Nehemiah,9,35,Nehemiah 9:35,8,ܛܒܬܐ,,,,Peshitta,PESH
16,Nehemiah,9,35,Nehemiah 9:35,9,ܘܫܡܝܢܬܐ,,,,Peshitta,PESH
16,Nehemiah,9,35,Nehemiah 9:35,10,ܕܝܗܒ̣ܬ,,,,Peshitta,PESH
16,Nehemiah,9,35,Nehemiah 9:35,11,ܠܗܘܢ,,,,Peshitta,PESH
16,Nehemiah,9,35,Nehemiah 9:35,12,ܘܠܐ,,,,Peshitta,PESH
16,Nehemiah,9,35,Nehemiah 9:35,13,ܦܠܚܘܟ,,,,Peshitta,PESH
16,Nehemiah,9,35,Nehemiah 9:35,14,ܘܠܐ,,,,Peshitta,PESH
16,Nehemiah,9,35,Nehemiah 9:35,15,ܗ̣ܦܟܘ,,,,Peshitta,PESH
16,Nehemiah,9,35,Nehemiah 9:35,16,ܡܢ,,,,Peshitta,PESH
16,Nehemiah,9,35,Nehemiah 9:35,17,ܥ̇ܒ̈ܕܝܗܘܢ,,,,Peshitta,PESH
16,Nehemiah,9,35,Nehemiah 9:35,18,ܒܝ̈ܫܐ,,,,Peshitta,PESH
16,Nehemiah,9,36,Nehemiah 9:36,1,ܡܛܠ,,,,Peshitta,PESH
16,Nehemiah,9,36,Nehemiah 9:36,2,ܗܢܐ,,,,Peshitta,PESH
16,Nehemiah,9,36,Nehemiah 9:36,3,ܚܢܢ,,,,Peshitta,PESH
16,Nehemiah,9,36,Nehemiah 9:36,4,ܝܘܡܢܐ,,,,Peshitta,PESH
16,Nehemiah,9,36,Nehemiah 9:36,5,ܥܒ̣̈ܕܐ,,,,Peshitta,PESH
16,Nehemiah,9,36,Nehemiah 9:36,6,ܘܐܪܥܐ,,,,Peshitta,PESH
16,Nehemiah,9,36,Nehemiah 9:36,7,ܕܝܗܒ̣ܬ,,,,Peshitta,PESH
16,Nehemiah,9,36,Nehemiah 9:36,8,ܠܐܒܗ̈ܝܢ,,,,Peshitta,PESH
16,Nehemiah,9,36,Nehemiah 9:36,9,ܠܡܐܟܠ,,,,Peshitta,PESH
16,Nehemiah,9,36,Nehemiah 9:36,10,ܐܒܗ̇,,,,Peshitta,PESH
16,Nehemiah,9,36,Nehemiah 9:36,11,ܘܛܘܒܗ̇,,,,Peshitta,PESH
16,Nehemiah,9,36,Nehemiah 9:36,12,ܗܐ,,,,Peshitta,PESH
16,Nehemiah,9,36,Nehemiah 9:36,13,ܚܢܢ,,,,Peshitta,PESH
16,Nehemiah,9,36,Nehemiah 9:36,14,ܐܝܟ,,,,Peshitta,PESH
16,Nehemiah,9,36,Nehemiah 9:36,15,ܥ̣ܒ̈ܕܐ,,,,Peshitta,PESH
16,Nehemiah,9,36,Nehemiah 9:36,16,ܦܠܚܝܢ,,,,Peshitta,PESH
16,Nehemiah,9,36,Nehemiah 9:36,17,ܒܗ̇,,,,Peshitta,PESH
16,Nehemiah,9,36,Nehemiah 9:36,18,ܒܓܘܗ̇,,,,Peshitta,PESH
16,Nehemiah,9,37,Nehemiah 9:37,1,ܘܥ̈ܠܠܬܗ̇,,,,Peshitta,PESH
16,Nehemiah,9,37,Nehemiah 9:37,2,ܢܣܒܝܢ,,,,Peshitta,PESH
16,Nehemiah,9,37,Nehemiah 9:37,3,ܡ̈ܠܟܐ,,,,Peshitta,PESH
16,Nehemiah,9,37,Nehemiah 9:37,4,ܕܐܩܝܡ̣ܬ,,,,Peshitta,PESH
16,Nehemiah,9,37,Nehemiah 9:37,5,ܥܠܝܢ,,,,Peshitta,PESH
16,Nehemiah,9,37,Nehemiah 9:37,6,ܡܛܠ,,,,Peshitta,PESH
16,Nehemiah,9,37,Nehemiah 9:37,7,ܚܛܗ̈ܝܢ,,,,Peshitta,PESH
16,Nehemiah,9,37,Nehemiah 9:37,8,ܘܥܠ,,,,Peshitta,PESH
16,Nehemiah,9,37,Nehemiah 9:37,9,ܦܓܪܢ,,,,Peshitta,PESH
16,Nehemiah,9,37,Nehemiah 9:37,10,ܗܢܘܢ,,,,Peshitta,PESH
16,Nehemiah,9,37,Nehemiah 9:37,11,ܫܠܝܛܝܢ,,,,Peshitta,PESH
16,Nehemiah,9,37,Nehemiah 9:37,12,ܘܥܠ,,,,Peshitta,PESH
16,Nehemiah,9,37,Nehemiah 9:37,13,ܒܥܝܪܢ,,,,Peshitta,PESH
16,Nehemiah,9,37,Nehemiah 9:37,14,ܐܝܟ,,,,Peshitta,PESH
16,Nehemiah,9,37,Nehemiah 9:37,15,ܨܒܝܢܗܘܢ,,,,Peshitta,PESH
16,Nehemiah,9,37,Nehemiah 9:37,16,ܘܒܐܘܠܨܢܐ,,,,Peshitta,PESH
16,Nehemiah,9,37,Nehemiah 9:37,17,ܪܒܐ,,,,Peshitta,PESH
16,Nehemiah,9,37,Nehemiah 9:37,18,ܫ̇ܪܝܢܢ,,,,Peshitta,PESH
16,Nehemiah,10,1,Nehemiah 10:1,1,ܘܒܟܠܗܝܢ,,,,Peshitta,PESH
16,Nehemiah,10,1,Nehemiah 10:1,2,ܗܠܝܢ,,,,Peshitta,PESH
16,Nehemiah,10,1,Nehemiah 10:1,3,ܝ̇ܡܝܢ,,,,Peshitta,PESH
16,Nehemiah,10,1,Nehemiah 10:1,4,ܚܢܢ,,,,Peshitta,PESH
16,Nehemiah,10,1,Nehemiah 10:1,5,ܒܫܪܪܐ,,,,Peshitta,PESH
16,Nehemiah,10,1,Nehemiah 10:1,6,ܘܡܣܗܕܝܢ,,,,Peshitta,PESH
16,Nehemiah,10,1,Nehemiah 10:1,7,ܚܢܢ,,,,Peshitta,PESH
16,Nehemiah,10,1,Nehemiah 10:1,8,ܥܠ,,,,Peshitta,PESH
16,Nehemiah,10,1,Nehemiah 10:1,9,ܚܬܡܐ,,,,Peshitta,PESH
16,Nehemiah,10,1,Nehemiah 10:1,10,ܩܫܝ̈ܫܝܢ,,,,Peshitta,PESH
16,Nehemiah,10,1,Nehemiah 10:1,11,ܘܠܘܝ̈ܐ,,,,Peshitta,PESH
16,Nehemiah,10,1,Nehemiah 10:1,12,ܘܟܘܡܪ̈ܝܢ,,,,Peshitta,PESH
16,Nehemiah,10,2,Nehemiah 10:2,1,ܘܟܠ,,,,Peshitta,PESH
16,Nehemiah,10,2,Nehemiah 10:2,2,ܐܝܠܝܢ,,,,Peshitta,PESH
16,Nehemiah,10,2,Nehemiah 10:2,3,ܕܚܝܘ,,,,Peshitta,PESH
16,Nehemiah,10,2,Nehemiah 10:2,4,ܡܢܢ,,,,Peshitta,PESH
16,Nehemiah,10,2,Nehemiah 10:2,5,ܢܚܡܝܐ,,,,Peshitta,PESH
16,Nehemiah,10,2,Nehemiah 10:2,6,ܩܫܝܫܐ,,,,Peshitta,PESH
16,Nehemiah,10,2,Nehemiah 10:2,7,ܒܪ,,,,Peshitta,PESH
16,Nehemiah,10,2,Nehemiah 10:2,8,ܚܢܢܝܐ,,,,Peshitta,PESH
16,Nehemiah,10,2,Nehemiah 10:2,9,ܪܝܫ,,,,Peshitta,PESH
16,Nehemiah,10,2,Nehemiah 10:2,10,ܟܘܡܪ̈ܐ,,,,Peshitta,PESH
16,Nehemiah,10,2,Nehemiah 10:2,11,ܘܙܪܚܝܐ,,,,Peshitta,PESH
16,Nehemiah,10,3,Nehemiah 10:3,1,ܘܣܪܝܐ,,,,Peshitta,PESH
16,Nehemiah,10,3,Nehemiah 10:3,2,ܘܥܙܪܝܐ,,,,Peshitta,PESH
16,Nehemiah,10,3,Nehemiah 10:3,3,ܘܐܪܡܝܐ,,,,Peshitta,PESH
16,Nehemiah,10,4,Nehemiah 10:4,1,ܘܦܫܚܘܪ,,,,Peshitta,PESH
16,Nehemiah,10,4,Nehemiah 10:4,2,ܘܐܪܡܝܐ,,,,Peshitta,PESH
16,Nehemiah,10,4,Nehemiah 10:4,3,ܘܡܠܟܝܐ,,,,Peshitta,PESH
16,Nehemiah,10,4,Nehemiah 10:4,4,ܘܦܫܛܝܐ,,,,Peshitta,PESH
16,Nehemiah,10,5,Nehemiah 10:5,1,ܘܚܛܘܫ,,,,Peshitta,PESH
16,Nehemiah,10,5,Nehemiah 10:5,2,ܘܫܟܢܝܐ,,,,Peshitta,PESH
16,Nehemiah,10,5,Nehemiah 10:5,3,ܘܡܠܘܟ,,,,Peshitta,PESH
16,Nehemiah,10,6,Nehemiah 10:6,1,ܘܫܟܘܡ,,,,Peshitta,PESH
16,Nehemiah,10,6,Nehemiah 10:6,2,ܘܥܙܡܘܬ,,,,Peshitta,PESH
16,Nehemiah,10,6,Nehemiah 10:6,3,ܓܒܪܝܐ,,,,Peshitta,PESH
16,Nehemiah,10,7,Nehemiah 10:7,1,ܕܢܝܐܝܠ,,,,Peshitta,PESH
16,Nehemiah,10,7,Nehemiah 10:7,2,ܓܒܬܘܢ,,,,Peshitta,PESH
16,Nehemiah,10,7,Nehemiah 10:7,3,ܒܪܘܟ,,,,Peshitta,PESH
16,Nehemiah,10,8,Nehemiah 10:8,1,ܡܫܠܡ,,,,Peshitta,PESH
16,Nehemiah,10,8,Nehemiah 10:8,2,ܐܒܝܐ,,,,Peshitta,PESH
16,Nehemiah,10,8,Nehemiah 10:8,3,ܒܢܝܡܝܢ,,,,Peshitta,PESH
16,Nehemiah,10,9,Nehemiah 10:9,1,ܡܥܙܝܐ,,,,Peshitta,PESH
16,Nehemiah,10,9,Nehemiah 10:9,2,ܒܠܓܝ,,,,Peshitta,PESH
16,Nehemiah,10,9,Nehemiah 10:9,3,ܫܡܥܝܐ,,,,Peshitta,PESH
16,Nehemiah,10,9,Nehemiah 10:9,4,ܗܠܝܢ,,,,Peshitta,PESH
16,Nehemiah,10,9,Nehemiah 10:9,5,ܟܘܡܪ̈ܐ,,,,Peshitta,PESH
16,Nehemiah,10,10,Nehemiah 10:10,1,ܘܠܘܝ̈ܐ,,,,Peshitta,PESH
16,Nehemiah,10,10,Nehemiah 10:10,2,ܘܝܫܘܥ,,,,Peshitta,PESH
16,Nehemiah,10,10,Nehemiah 10:10,3,ܒܪ,,,,Peshitta,PESH
16,Nehemiah,10,10,Nehemiah 10:10,4,ܝܙܢܝܐ,,,,Peshitta,PESH
16,Nehemiah,10,10,Nehemiah 10:10,5,ܒܢ̈ܝ,,,,Peshitta,PESH
16,Nehemiah,10,10,Nehemiah 10:10,6,ܡܒܢܝ,,,,Peshitta,PESH
16,Nehemiah,10,10,Nehemiah 10:10,7,ܚ̇ܕܪ,,,,Peshitta,PESH
16,Nehemiah,10,10,Nehemiah 10:10,8,ܩܕܡܝܐ,,,,Peshitta,PESH
16,Nehemiah,10,11,Nehemiah 10:11,1,ܘܐܚܝ̈ܗܘܢ,,,,Peshitta,PESH
16,Nehemiah,10,11,Nehemiah 10:11,2,ܫܟܢܝܐ,,,,Peshitta,PESH
16,Nehemiah,10,11,Nehemiah 10:11,3,ܘܐܘܪܝܐ,,,,Peshitta,PESH
16,Nehemiah,10,11,Nehemiah 10:11,4,ܩܠܛܝܐ,,,,Peshitta,PESH
16,Nehemiah,10,11,Nehemiah 10:11,5,ܦܠܛܝܐ,,,,Peshitta,PESH
16,Nehemiah,10,11,Nehemiah 10:11,6,ܚܢܢܝ,,,,Peshitta,PESH
16,Nehemiah,10,12,Nehemiah 10:12,1,ܡ̇ܝܟܐ,,,,Peshitta,PESH
16,Nehemiah,10,12,Nehemiah 10:12,2,ܪܟܘܒ,,,,Peshitta,PESH
16,Nehemiah,10,12,Nehemiah 10:12,3,ܚܫܒܝܐ,,,,Peshitta,PESH
16,Nehemiah,10,13,Nehemiah 10:13,1,ܙܟܘܪ,,,,Peshitta,PESH
16,Nehemiah,10,13,Nehemiah 10:13,2,ܫܪܒܝܐ,,,,Peshitta,PESH
16,Nehemiah,10,13,Nehemiah 10:13,3,ܫܟܢܝܐ,,,,Peshitta,PESH
16,Nehemiah,10,14,Nehemiah 10:14,1,ܗܘܕܝܐ,,,,Peshitta,PESH
16,Nehemiah,10,14,Nehemiah 10:14,2,ܒܢ̈ܝ,,,,Peshitta,PESH
16,Nehemiah,10,14,Nehemiah 10:14,3,ܒܢ̇ܝ,,,,Peshitta,PESH
16,Nehemiah,10,15,Nehemiah 10:15,1,ܪ̈ܫܝ,,,,Peshitta,PESH
16,Nehemiah,10,15,Nehemiah 10:15,2,ܥܡܐ,,,,Peshitta,PESH
16,Nehemiah,10,15,Nehemiah 10:15,3,ܦܪܥܫ,,,,Peshitta,PESH
16,Nehemiah,10,15,Nehemiah 10:15,4,ܫܠܝܛ,,,,Peshitta,PESH
16,Nehemiah,10,15,Nehemiah 10:15,5,ܡܘܐܒ,,,,Peshitta,PESH
16,Nehemiah,10,15,Nehemiah 10:15,6,ܥܝܠܡ,,,,Peshitta,PESH
16,Nehemiah,10,15,Nehemiah 10:15,7,ܙܬܝܐ,,,,Peshitta,PESH
16,Nehemiah,10,16,Nehemiah 10:16,1,ܒܢ̈ܝ,,,,Peshitta,PESH
16,Nehemiah,10,16,Nehemiah 10:16,2,ܥܙܓܪ,,,,Peshitta,PESH
16,Nehemiah,10,16,Nehemiah 10:16,3,ܘܒܢ̈ܝ,,,,Peshitta,PESH
16,Nehemiah,10,16,Nehemiah 10:16,4,ܐܕܘܢܝܐ,,,,Peshitta,PESH
16,Nehemiah,10,17,Nehemiah 10:17,1,ܒܓܘܝ,,,,Peshitta,PESH
16,Nehemiah,10,17,Nehemiah 10:17,2,ܥܕܘܢ,,,,Peshitta,PESH
16,Nehemiah,10,18,Nehemiah 10:18,1,ܐܛܪ,,,,Peshitta,PESH
16,Nehemiah,10,18,Nehemiah 10:18,2,ܚܙܩܝܐ,,,,Peshitta,PESH
16,Nehemiah,10,18,Nehemiah 10:18,3,ܥܙܘܪ,,,,Peshitta,PESH
16,Nehemiah,10,19,Nehemiah 10:19,1,ܐܘܪܝܐ,,,,Peshitta,PESH
16,Nehemiah,10,19,Nehemiah 10:19,2,ܚ̇ܫܘܡ,,,,Peshitta,PESH
16,Nehemiah,10,19,Nehemiah 10:19,3,ܒܨܝ,,,,Peshitta,PESH
16,Nehemiah,10,20,Nehemiah 10:20,1,ܚܘܙܝܦ,,,,Peshitta,PESH
16,Nehemiah,10,20,Nehemiah 10:20,2,ܥܢܬܘܬ,,,,Peshitta,PESH
16,Nehemiah,10,20,Nehemiah 10:20,3,ܢܒܝ,,,,Peshitta,PESH
16,Nehemiah,10,21,Nehemiah 10:21,1,ܡܦܓܫ,,,,Peshitta,PESH
16,Nehemiah,10,21,Nehemiah 10:21,2,ܡܫܠܡ,,,,Peshitta,PESH
16,Nehemiah,10,21,Nehemiah 10:21,3,ܥܙܝ̇ܦܝ,,,,Peshitta,PESH
16,Nehemiah,10,22,Nehemiah 10:22,1,ܡܫܘܙܦܐܝܠ,,,,Peshitta,PESH
16,Nehemiah,10,22,Nehemiah 10:22,2,ܙܕܘ̇ܩ,,,,Peshitta,PESH
16,Nehemiah,10,22,Nehemiah 10:22,3,ܝܘܝܕܥ,,,,Peshitta,PESH
16,Nehemiah,10,23,Nehemiah 10:23,1,ܦܠܛܝܐ,,,,Peshitta,PESH
16,Nehemiah,10,23,Nehemiah 10:23,2,ܚܢܢܝ,,,,Peshitta,PESH
16,Nehemiah,10,23,Nehemiah 10:23,3,ܥܢܢܝܐ,,,,Peshitta,PESH
16,Nehemiah,10,24,Nehemiah 10:24,1,ܗܘܫܥ,,,,Peshitta,PESH
16,Nehemiah,10,24,Nehemiah 10:24,2,ܚܢܢܝܐ,,,,Peshitta,PESH
16,Nehemiah,10,24,Nehemiah 10:24,3,ܝܫܘܥ,,,,Peshitta,PESH
16,Nehemiah,10,25,Nehemiah 10:25,1,ܗ̇ܠܘܫ,,,,Peshitta,PESH
16,Nehemiah,10,25,Nehemiah 10:25,2,ܦܠܚܐ,,,,Peshitta,PESH
16,Nehemiah,10,25,Nehemiah 10:25,3,ܫ̇ܒܘܩ,,,,Peshitta,PESH
16,Nehemiah,10,26,Nehemiah 10:26,1,ܐܪܚܘܡ,,,,Peshitta,PESH
16,Nehemiah,10,26,Nehemiah 10:26,2,ܚܫܒܝܐ,,,,Peshitta,PESH
16,Nehemiah,10,26,Nehemiah 10:26,3,ܡܥܣܝܐ,,,,Peshitta,PESH
16,Nehemiah,10,27,Nehemiah 10:27,1,ܐܚܝܐ,,,,Peshitta,PESH
16,Nehemiah,10,27,Nehemiah 10:27,2,ܚܢܢܝ,,,,Peshitta,PESH
16,Nehemiah,10,27,Nehemiah 10:27,3,ܥ̣ܢܢ,,,,Peshitta,PESH
16,Nehemiah,10,28,Nehemiah 10:28,1,ܡܠܘܟ,,,,Peshitta,PESH
16,Nehemiah,10,28,Nehemiah 10:28,2,ܚܪܡ,,,,Peshitta,PESH
16,Nehemiah,10,28,Nehemiah 10:28,3,ܒܥܢܐ,,,,Peshitta,PESH
16,Nehemiah,10,29,Nehemiah 10:29,1,ܘܫܪܟܐ,,,,Peshitta,PESH
16,Nehemiah,10,29,Nehemiah 10:29,2,ܕܥܡܐ,,,,Peshitta,PESH
16,Nehemiah,10,29,Nehemiah 10:29,3,ܟܘܡܪ̈ܐ,,,,Peshitta,PESH
16,Nehemiah,10,29,Nehemiah 10:29,4,ܘܠܘܝ̈ܐ,,,,Peshitta,PESH
16,Nehemiah,10,29,Nehemiah 10:29,5,ܘܬ̇ܪ̈ܥܐ,,,,Peshitta,PESH
16,Nehemiah,10,29,Nehemiah 10:29,6,ܘܡܫܡ̈ܫܢܐ,,,,Peshitta,PESH
16,Nehemiah,10,29,Nehemiah 10:29,7,ܘܥ̈ܒ̣ܕܐ,,,,Peshitta,PESH
16,Nehemiah,10,29,Nehemiah 10:29,8,ܘܟܠ,,,,Peshitta,PESH
16,Nehemiah,10,29,Nehemiah 10:29,9,ܕܐܬܦܪܫܘ,,,,Peshitta,PESH
16,Nehemiah,10,29,Nehemiah 10:29,10,ܡܢ,,,,Peshitta,PESH
16,Nehemiah,10,29,Nehemiah 10:29,11,ܥܡ̈ܡܐ,,,,Peshitta,PESH
16,Nehemiah,10,29,Nehemiah 10:29,12,ܕܡܕܝ̈ܢܬܐ,,,,Peshitta,PESH
16,Nehemiah,10,29,Nehemiah 10:29,13,ܢܐܬܘܢ,,,,Peshitta,PESH
16,Nehemiah,10,29,Nehemiah 10:29,14,ܠܘܬ,,,,Peshitta,PESH
16,Nehemiah,10,29,Nehemiah 10:29,15,ܢܡܘܣܐ,,,,Peshitta,PESH
16,Nehemiah,10,29,Nehemiah 10:29,16,ܕܡܪܝܐ,,,,Peshitta,PESH
16,Nehemiah,10,29,Nehemiah 10:29,17,ܗܢܘܢ,,,,Peshitta,PESH
16,Nehemiah,10,29,Nehemiah 10:29,18,ܘܢܫ̈ܝܗܘܢ,,,,Peshitta,PESH
16,Nehemiah,10,29,Nehemiah 10:29,19,ܘܒܢ̈ܝܗܘܢ,,,,Peshitta,PESH
16,Nehemiah,10,29,Nehemiah 10:29,20,ܘܒ̈ܢܬܗܘܢ,,,,Peshitta,PESH
16,Nehemiah,10,29,Nehemiah 10:29,21,ܘܟܠ,,,,Peshitta,PESH
16,Nehemiah,10,29,Nehemiah 10:29,22,ܡ̇ܢ,,,,Peshitta,PESH
16,Nehemiah,10,29,Nehemiah 10:29,23,ܕܝ̇ܕܥ,,,,Peshitta,PESH
16,Nehemiah,10,29,Nehemiah 10:29,24,ܘܡܣܬܟܠ,,,,Peshitta,PESH
16,Nehemiah,10,30,Nehemiah 10:30,1,ܘܡܥܫܢܝܢ,,,,Peshitta,PESH
16,Nehemiah,10,30,Nehemiah 10:30,2,ܥܠ,,,,Peshitta,PESH
16,Nehemiah,10,30,Nehemiah 10:30,3,ܐܚܝ̈ܗܘܢ,,,,Peshitta,PESH
16,Nehemiah,10,30,Nehemiah 10:30,4,ܘܥܠ,,,,Peshitta,PESH
16,Nehemiah,10,30,Nehemiah 10:30,5,ܩܪ̈ܝܒܝܗܘܢ,,,,Peshitta,PESH
16,Nehemiah,10,30,Nehemiah 10:30,6,ܘܥܠܝܢ,,,,Peshitta,PESH
16,Nehemiah,10,30,Nehemiah 10:30,7,ܒܡܘܡܬܐ,,,,Peshitta,PESH
16,Nehemiah,10,30,Nehemiah 10:30,8,ܘܒܩܝܡܐ,,,,Peshitta,PESH
16,Nehemiah,10,30,Nehemiah 10:30,9,ܠܡܗܠܟܘ,,,,Peshitta,PESH
16,Nehemiah,10,30,Nehemiah 10:30,10,ܒܢܡܘܣܗ,,,,Peshitta,PESH
16,Nehemiah,10,30,Nehemiah 10:30,11,ܕܡܪܝܐ,,,,Peshitta,PESH
16,Nehemiah,10,30,Nehemiah 10:30,12,ܕܝ̣ܗܒ,,,,Peshitta,PESH
16,Nehemiah,10,30,Nehemiah 10:30,13,ܒܐܝܕܐ,,,,Peshitta,PESH
16,Nehemiah,10,30,Nehemiah 10:30,14,ܕܡܘܫܐ,,,,Peshitta,PESH
16,Nehemiah,10,30,Nehemiah 10:30,15,ܥܒ̣ܕܗ,,,,Peshitta,PESH
16,Nehemiah,10,30,Nehemiah 10:30,16,ܕܡܪܝܐ,,,,Peshitta,PESH
16,Nehemiah,10,30,Nehemiah 10:30,17,ܘܠܡܛܪ,,,,Peshitta,PESH
16,Nehemiah,10,30,Nehemiah 10:30,18,ܘܠܡܥܒܕ,,,,Peshitta,PESH
16,Nehemiah,10,30,Nehemiah 10:30,19,ܟܠܗܘܢ,,,,Peshitta,PESH
16,Nehemiah,10,30,Nehemiah 10:30,20,ܦܘܩ̈ܕܢܘܗܝ,,,,Peshitta,PESH
16,Nehemiah,10,30,Nehemiah 10:30,21,ܕܡܪܝܐ,,,,Peshitta,PESH
16,Nehemiah,10,30,Nehemiah 10:30,22,ܡܪܢ,,,,Peshitta,PESH
16,Nehemiah,10,30,Nehemiah 10:30,23,ܘܕܝ̣ܢ̈ܘܗܝ,,,,Peshitta,PESH
16,Nehemiah,10,30,Nehemiah 10:30,24,ܘܢܡܘ̈ܣܘܗܝ,,,,Peshitta,PESH
16,Nehemiah,10,31,Nehemiah 10:31,1,ܘܕܠܐ,,,,Peshitta,PESH
16,Nehemiah,10,31,Nehemiah 10:31,2,ܢܬܠ,,,,Peshitta,PESH
16,Nehemiah,10,31,Nehemiah 10:31,3,ܒܢ̈ܬܢ,,,,Peshitta,PESH
16,Nehemiah,10,31,Nehemiah 10:31,4,ܠܥܡ̈ܡܐ,,,,Peshitta,PESH
16,Nehemiah,10,31,Nehemiah 10:31,5,ܕܐܪܥܐ,,,,Peshitta,PESH
16,Nehemiah,10,31,Nehemiah 10:31,6,ܘܒ̈ܢܬܗܘܢ,,,,Peshitta,PESH
16,Nehemiah,10,31,Nehemiah 10:31,7,ܠܐ,,,,Peshitta,PESH
16,Nehemiah,10,31,Nehemiah 10:31,8,ܢܣܒ,,,,Peshitta,PESH
16,Nehemiah,10,31,Nehemiah 10:31,9,ܠܒܢܝ̈ܢ,,,,Peshitta,PESH
16,Nehemiah,10,32,Nehemiah 10:32,1,ܘܡܢ,,,,Peshitta,PESH
16,Nehemiah,10,32,Nehemiah 10:32,2,ܥܡ̈ܡܐ,,,,Peshitta,PESH
16,Nehemiah,10,32,Nehemiah 10:32,3,ܕܐܪܥܐ,,,,Peshitta,PESH
16,Nehemiah,10,32,Nehemiah 10:32,4,ܕܡܝܬܝܢ,,,,Peshitta,PESH
16,Nehemiah,10,32,Nehemiah 10:32,5,ܠܐ,,,,Peshitta,PESH
16,Nehemiah,10,32,Nehemiah 10:32,6,ܢܣܒܘܢ,,,,Peshitta,PESH
16,Nehemiah,10,32,Nehemiah 10:32,7,ܘܟܠ,,,,Peshitta,PESH
16,Nehemiah,10,32,Nehemiah 10:32,8,ܕܡܘܓܪ,,,,Peshitta,PESH
16,Nehemiah,10,32,Nehemiah 10:32,9,ܒܥܝܪܐ,,,,Peshitta,PESH
16,Nehemiah,10,32,Nehemiah 10:32,10,ܒܝܘܡܐ,,,,Peshitta,PESH
16,Nehemiah,10,32,Nehemiah 10:32,11,ܕܫܒܬܐ,,,,Peshitta,PESH
16,Nehemiah,10,32,Nehemiah 10:32,12,ܐܓܪܐ,,,,Peshitta,PESH
16,Nehemiah,10,32,Nehemiah 10:32,13,ܠܐ,,,,Peshitta,PESH
16,Nehemiah,10,32,Nehemiah 10:32,14,ܢܣ̣̇ܒ,,,,Peshitta,PESH
16,Nehemiah,10,32,Nehemiah 10:32,15,ܘܛܥܢܐ,,,,Peshitta,PESH
16,Nehemiah,10,32,Nehemiah 10:32,16,ܒܝܘܡܐ,,,,Peshitta,PESH
16,Nehemiah,10,32,Nehemiah 10:32,17,ܕܫܒܬܐ,,,,Peshitta,PESH
16,Nehemiah,10,32,Nehemiah 10:32,18,ܠܐ,,,,Peshitta,PESH
16,Nehemiah,10,32,Nehemiah 10:32,19,ܢܫܩܘܠ,,,,Peshitta,PESH
16,Nehemiah,10,32,Nehemiah 10:32,20,ܡܛܠ,,,,Peshitta,PESH
16,Nehemiah,10,32,Nehemiah 10:32,21,ܕܩܕܝܫܐ,,,,Peshitta,PESH
16,Nehemiah,10,32,Nehemiah 10:32,22,ܗܝ,,,,Peshitta,PESH
16,Nehemiah,10,32,Nehemiah 10:32,23,ܘܢܫܒܘܩ,,,,Peshitta,PESH
16,Nehemiah,10,32,Nehemiah 10:32,24,ܟܠ,,,,Peshitta,PESH
16,Nehemiah,10,32,Nehemiah 10:32,25,ܡܕܡ,,,,Peshitta,PESH
16,Nehemiah,10,32,Nehemiah 10:32,26,ܕܚܝ̇ܒܝܢ,,,,Peshitta,PESH
16,Nehemiah,10,32,Nehemiah 10:32,27,ܠܢ,,,,Peshitta,PESH
16,Nehemiah,10,32,Nehemiah 10:32,28,ܘܚܢܢ,,,,Peshitta,PESH
16,Nehemiah,10,32,Nehemiah 10:32,29,ܒܫܢܬܐ,,,,Peshitta,PESH
16,Nehemiah,10,32,Nehemiah 10:32,30,ܕܫܒܥ,,,,Peshitta,PESH
16,Nehemiah,10,32,Nehemiah 10:32,31,ܢܫܒܘܩ,,,,Peshitta,PESH
16,Nehemiah,10,33,Nehemiah 10:33,1,ܘܐܫܪܢ,,,,Peshitta,PESH
16,Nehemiah,10,33,Nehemiah 10:33,2,ܥܠܝܢ,,,,Peshitta,PESH
16,Nehemiah,10,33,Nehemiah 10:33,3,ܦܘܩܕܢܐ,,,,Peshitta,PESH
16,Nehemiah,10,33,Nehemiah 10:33,4,ܕܢܗܘܐ,,,,Peshitta,PESH
16,Nehemiah,10,33,Nehemiah 10:33,5,ܝܗܒܝܢ,,,,Peshitta,PESH
16,Nehemiah,10,33,Nehemiah 10:33,6,ܬܘܠܬܗ̇,,,,Peshitta,PESH
16,Nehemiah,10,33,Nehemiah 10:33,7,ܕܐܣܬܪܐ,,,,Peshitta,PESH
16,Nehemiah,10,33,Nehemiah 10:33,8,ܒܫܒܬܐ,,,,Peshitta,PESH
16,Nehemiah,10,33,Nehemiah 10:33,9,ܠܦܘܠܚܢܐ,,,,Peshitta,PESH
16,Nehemiah,10,33,Nehemiah 10:33,10,ܕܒܝܬܐ,,,,Peshitta,PESH
16,Nehemiah,10,33,Nehemiah 10:33,11,ܕܐܠܗܢ,,,,Peshitta,PESH
16,Nehemiah,10,34,Nehemiah 10:34,1,ܠܠܚܡܐ,,,,Peshitta,PESH
16,Nehemiah,10,34,Nehemiah 10:34,2,ܕܦܘܪܫܢܐ,,,,Peshitta,PESH
16,Nehemiah,10,34,Nehemiah 10:34,3,ܠܩܘܪ̈ܒܢܐ,,,,Peshitta,PESH
16,Nehemiah,10,34,Nehemiah 10:34,4,ܐܡܝܢܐ,,,,Peshitta,PESH
16,Nehemiah,10,34,Nehemiah 10:34,5,ܘܠܥܠܬܐ,,,,Peshitta,PESH
16,Nehemiah,10,34,Nehemiah 10:34,6,ܐܡܝܢܬܐ,,,,Peshitta,PESH
16,Nehemiah,10,34,Nehemiah 10:34,7,ܕܫܒ̈ܐ,,,,Peshitta,PESH
16,Nehemiah,10,34,Nehemiah 10:34,8,ܘܕܪܝܫ,,,,Peshitta,PESH
16,Nehemiah,10,34,Nehemiah 10:34,9,ܝܪ̈ܚܐ,,,,Peshitta,PESH
16,Nehemiah,10,34,Nehemiah 10:34,10,ܘܕܥܕܥ̈ܕܐ,,,,Peshitta,PESH
16,Nehemiah,10,34,Nehemiah 10:34,11,ܘܕܡܩ̈ܕܫܐ,,,,Peshitta,PESH
16,Nehemiah,10,34,Nehemiah 10:34,12,ܘܕܫܘܒܩܢ,,,,Peshitta,PESH
16,Nehemiah,10,34,Nehemiah 10:34,13,ܚܛܗ̈ܐ,,,,Peshitta,PESH
16,Nehemiah,10,34,Nehemiah 10:34,14,ܕܐܝܣܪܝܠ,,,,Peshitta,PESH
16,Nehemiah,10,34,Nehemiah 10:34,15,ܘܠܟܠܗ̇,,,,Peshitta,PESH
16,Nehemiah,10,34,Nehemiah 10:34,16,ܥܒܝܕܬܐ,,,,Peshitta,PESH
16,Nehemiah,10,34,Nehemiah 10:34,17,ܕܒܝܬܐ,,,,Peshitta,PESH
16,Nehemiah,10,34,Nehemiah 10:34,18,ܕܐܠܗܢ,,,,Peshitta,PESH
16,Nehemiah,10,35,Nehemiah 10:35,1,ܘܦ̈ܨܐ,,,,Peshitta,PESH
16,Nehemiah,10,35,Nehemiah 10:35,2,ܐܪܡܝܢ,,,,Peshitta,PESH
16,Nehemiah,10,35,Nehemiah 10:35,3,ܥܠ,,,,Peshitta,PESH
16,Nehemiah,10,35,Nehemiah 10:35,4,ܩܘܪ̈ܒܢܐ,,,,Peshitta,PESH
16,Nehemiah,10,35,Nehemiah 10:35,5,ܕܩܝ̈ܣܐ,,,,Peshitta,PESH
16,Nehemiah,10,35,Nehemiah 10:35,6,ܟܗ̈ܢܐ,,,,Peshitta,PESH
16,Nehemiah,10,35,Nehemiah 10:35,7,ܘܠܘܝ̈ܐ,,,,Peshitta,PESH
16,Nehemiah,10,35,Nehemiah 10:35,8,ܘܥܡܐ,,,,Peshitta,PESH
16,Nehemiah,10,35,Nehemiah 10:35,9,ܠܡܝܬܝܘ,,,,Peshitta,PESH
16,Nehemiah,10,35,Nehemiah 10:35,10,ܠܒܝܬܗ,,,,Peshitta,PESH
16,Nehemiah,10,35,Nehemiah 10:35,11,ܕܡܪܝܐ,,,,Peshitta,PESH
16,Nehemiah,10,35,Nehemiah 10:35,12,ܐܠܗܢ,,,,Peshitta,PESH
16,Nehemiah,10,35,Nehemiah 10:35,13,ܐܝܟ,,,,Peshitta,PESH
16,Nehemiah,10,35,Nehemiah 10:35,14,ܕܟܬܝܒ,,,,Peshitta,PESH
16,Nehemiah,10,35,Nehemiah 10:35,15,ܒܟܬܒܐ,,,,Peshitta,PESH
16,Nehemiah,10,35,Nehemiah 10:35,16,ܕܢܡܘܣܐ,,,,Peshitta,PESH
16,Nehemiah,10,36,Nehemiah 10:36,1,ܠܡܝܬܝܘ,,,,Peshitta,PESH
16,Nehemiah,10,36,Nehemiah 10:36,2,ܪ̈ܝܫܝܬܐ,,,,Peshitta,PESH
16,Nehemiah,10,36,Nehemiah 10:36,3,ܕܐܪܥܢ,,,,Peshitta,PESH
16,Nehemiah,10,36,Nehemiah 10:36,4,ܘܪܫܝܬܐ,,,,Peshitta,PESH
16,Nehemiah,10,36,Nehemiah 10:36,5,ܕܟܠ,,,,Peshitta,PESH
16,Nehemiah,10,36,Nehemiah 10:36,6,ܐܒܐ,,,,Peshitta,PESH
16,Nehemiah,10,36,Nehemiah 10:36,7,ܕܐܝ̈ܠܢܐ,,,,Peshitta,PESH
16,Nehemiah,10,36,Nehemiah 10:36,8,ܒܟܠ,,,,Peshitta,PESH
16,Nehemiah,10,36,Nehemiah 10:36,9,ܫܢܐ,,,,Peshitta,PESH
16,Nehemiah,10,36,Nehemiah 10:36,10,ܒܫܢܐ,,,,Peshitta,PESH
16,Nehemiah,10,36,Nehemiah 10:36,11,ܘܠܡܝܬܝܘ,,,,Peshitta,PESH
16,Nehemiah,10,36,Nehemiah 10:36,12,ܠܒܝܬܐ,,,,Peshitta,PESH
16,Nehemiah,10,36,Nehemiah 10:36,13,ܕܡܪܝܐ,,,,Peshitta,PESH
16,Nehemiah,10,37,Nehemiah 10:37,1,ܒܘܟܪ̈ܐ,,,,Peshitta,PESH
16,Nehemiah,10,37,Nehemiah 10:37,2,ܕܒܢ̈ܝܢ,,,,Peshitta,PESH
16,Nehemiah,10,37,Nehemiah 10:37,3,ܘܕܒܥܝܪܢ,,,,Peshitta,PESH
16,Nehemiah,10,37,Nehemiah 10:37,4,ܐܝܟܢܐ,,,,Peshitta,PESH
16,Nehemiah,10,37,Nehemiah 10:37,5,ܕܟܬܝܒ,,,,Peshitta,PESH
16,Nehemiah,10,37,Nehemiah 10:37,6,ܒܢܡܘܣܐ,,,,Peshitta,PESH
16,Nehemiah,10,37,Nehemiah 10:37,7,ܕܡܪܝܐ,,,,Peshitta,PESH
16,Nehemiah,10,37,Nehemiah 10:37,8,ܘܒܘܟܪ̈ܐ,,,,Peshitta,PESH
16,Nehemiah,10,37,Nehemiah 10:37,9,ܕܬܘܪ̈ܝܢ,,,,Peshitta,PESH
16,Nehemiah,10,37,Nehemiah 10:37,10,ܘܕܥܢ̈ܢ,,,,Peshitta,PESH
16,Nehemiah,10,37,Nehemiah 10:37,11,ܠܡܝܬܝܘ,,,,Peshitta,PESH
16,Nehemiah,10,37,Nehemiah 10:37,12,ܠܒܝܬܐ,,,,Peshitta,PESH
16,Nehemiah,10,37,Nehemiah 10:37,13,ܕܐܠܗܢ,,,,Peshitta,PESH
16,Nehemiah,10,37,Nehemiah 10:37,14,ܠܟܘܡܪ̈ܐ,,,,Peshitta,PESH
16,Nehemiah,10,37,Nehemiah 10:37,15,ܕܡܫܡܫܝܢ,,,,Peshitta,PESH
16,Nehemiah,10,37,Nehemiah 10:37,16,ܒܒܝܬܐ,,,,Peshitta,PESH
16,Nehemiah,10,37,Nehemiah 10:37,17,ܕܐܠܗܢ,,,,Peshitta,PESH
16,Nehemiah,10,38,Nehemiah 10:38,1,ܘܪ̈ܫܝܬܐ,,,,Peshitta,PESH
16,Nehemiah,10,38,Nehemiah 10:38,2,ܕܐܨ̈ܘܬܢ,,,,Peshitta,PESH
16,Nehemiah,10,38,Nehemiah 10:38,3,ܘܕܐܕܪ̈ܝܢ,,,,Peshitta,PESH
16,Nehemiah,10,38,Nehemiah 10:38,4,ܘܕܐܒ̈ܐ,,,,Peshitta,PESH
16,Nehemiah,10,38,Nehemiah 10:38,5,ܕܟܠܗܘܢ,,,,Peshitta,PESH
16,Nehemiah,10,38,Nehemiah 10:38,6,ܐܝ̈ܠܢܝܢ,,,,Peshitta,PESH
16,Nehemiah,10,38,Nehemiah 10:38,7,ܘܚܡ̣ܪܐ,,,,Peshitta,PESH
16,Nehemiah,10,38,Nehemiah 10:38,8,ܘܡܫܚܐ,,,,Peshitta,PESH
16,Nehemiah,10,38,Nehemiah 10:38,9,ܢܬܠ,,,,Peshitta,PESH
16,Nehemiah,10,38,Nehemiah 10:38,10,ܠܟܗ̈ܢܐ,,,,Peshitta,PESH
16,Nehemiah,10,38,Nehemiah 10:38,11,ܕܡܫܡܫܝܢ,,,,Peshitta,PESH
16,Nehemiah,10,38,Nehemiah 10:38,12,ܩܕܡ,,,,Peshitta,PESH
16,Nehemiah,10,38,Nehemiah 10:38,13,ܐܠܗܢ,,,,Peshitta,PESH
16,Nehemiah,10,38,Nehemiah 10:38,14,ܘܚܕ,,,,Peshitta,PESH
16,Nehemiah,10,38,Nehemiah 10:38,15,ܡܢ,,,,Peshitta,PESH
16,Nehemiah,10,38,Nehemiah 10:38,16,ܥܣܪܐ,,,,Peshitta,PESH
16,Nehemiah,10,38,Nehemiah 10:38,17,ܡܢ,,,,Peshitta,PESH
16,Nehemiah,10,38,Nehemiah 10:38,18,ܐܪ̈ܥܬܢ,,,,Peshitta,PESH
16,Nehemiah,10,38,Nehemiah 10:38,19,ܢܬܠ,,,,Peshitta,PESH
16,Nehemiah,10,38,Nehemiah 10:38,20,ܠܠܘܝ̈ܐ,,,,Peshitta,PESH
16,Nehemiah,10,38,Nehemiah 10:38,21,ܘܗܢܘܢ,,,,Peshitta,PESH
16,Nehemiah,10,38,Nehemiah 10:38,22,ܠܘܝ̈ܐ,,,,Peshitta,PESH
16,Nehemiah,10,38,Nehemiah 10:38,23,ܢܗܘܘܢ,,,,Peshitta,PESH
16,Nehemiah,10,38,Nehemiah 10:38,24,ܢܣܒܝܢ,,,,Peshitta,PESH
16,Nehemiah,10,38,Nehemiah 10:38,25,ܡܥܣܪ̈ܐ,,,,Peshitta,PESH
16,Nehemiah,10,38,Nehemiah 10:38,26,ܡܢ,,,,Peshitta,PESH
16,Nehemiah,10,38,Nehemiah 10:38,27,ܟܠ,,,,Peshitta,PESH
16,Nehemiah,10,38,Nehemiah 10:38,28,ܩܘܪ̈ܝܐ,,,,Peshitta,PESH
16,Nehemiah,10,38,Nehemiah 10:38,29,ܕܦܘܠܚܢܢ,,,,Peshitta,PESH
16,Nehemiah,10,39,Nehemiah 10:39,1,ܘܢܗܘܐ,,,,Peshitta,PESH
16,Nehemiah,10,39,Nehemiah 10:39,2,ܟܘܡܪܐ,,,,Peshitta,PESH
16,Nehemiah,10,39,Nehemiah 10:39,3,ܒܪ,,,,Peshitta,PESH
16,Nehemiah,10,39,Nehemiah 10:39,4,ܐܗܪܘܢ,,,,Peshitta,PESH
16,Nehemiah,10,39,Nehemiah 10:39,5,ܥܡ,,,,Peshitta,PESH
16,Nehemiah,10,39,Nehemiah 10:39,6,ܠܘܝ̈ܐ,,,,Peshitta,PESH
16,Nehemiah,10,39,Nehemiah 10:39,7,ܒܡܥܣܪ̈ܝܗܘܢ,,,,Peshitta,PESH
16,Nehemiah,10,39,Nehemiah 10:39,8,ܘܠܘܝ̈ܐ,,,,Peshitta,PESH
16,Nehemiah,10,39,Nehemiah 10:39,9,ܢܣܒܘܢ,,,,Peshitta,PESH
16,Nehemiah,10,39,Nehemiah 10:39,10,ܚܕ,,,,Peshitta,PESH
16,Nehemiah,10,39,Nehemiah 10:39,11,ܡܢ,,,,Peshitta,PESH
16,Nehemiah,10,39,Nehemiah 10:39,12,ܥܣܪܐ,,,,Peshitta,PESH
16,Nehemiah,10,39,Nehemiah 10:39,13,ܠܒܝܬܐ,,,,Peshitta,PESH
16,Nehemiah,10,39,Nehemiah 10:39,14,ܕܐܠܗܢ,,,,Peshitta,PESH
16,Nehemiah,10,39,Nehemiah 10:39,15,ܠܒܝܬ,,,,Peshitta,PESH
16,Nehemiah,10,39,Nehemiah 10:39,16,ܩܦ̈ܣܐ,,,,Peshitta,PESH
16,Nehemiah,10,39,Nehemiah 10:39,17,ܘܠܒܝܬ,,,,Peshitta,PESH
16,Nehemiah,10,39,Nehemiah 10:39,18,ܓܙܐ,,,,Peshitta,PESH
16,Nehemiah,10,40,Nehemiah 10:40,1,ܡܛܠ,,,,Peshitta,PESH
16,Nehemiah,10,40,Nehemiah 10:40,2,ܕܠܒܝܬ,,,,Peshitta,PESH
16,Nehemiah,10,40,Nehemiah 10:40,3,ܩܦ̈ܣܐ,,,,Peshitta,PESH
16,Nehemiah,10,40,Nehemiah 10:40,4,ܢܝܬܘܢ,,,,Peshitta,PESH
16,Nehemiah,10,40,Nehemiah 10:40,5,ܒܢ̈ܝ,,,,Peshitta,PESH
16,Nehemiah,10,40,Nehemiah 10:40,6,ܐܝܣܪܝܠ,,,,Peshitta,PESH
16,Nehemiah,10,40,Nehemiah 10:40,7,ܘܒܢ̈ܝ,,,,Peshitta,PESH
16,Nehemiah,10,40,Nehemiah 10:40,8,ܠܘܝ,,,,Peshitta,PESH
16,Nehemiah,10,40,Nehemiah 10:40,9,ܪ̈ܝܫܝܬܐ,,,,Peshitta,PESH
16,Nehemiah,10,40,Nehemiah 10:40,10,ܕܥܒܘܪܐ,,,,Peshitta,PESH
16,Nehemiah,10,40,Nehemiah 10:40,11,ܘܕܚܡ̣ܪܐ,,,,Peshitta,PESH
16,Nehemiah,10,40,Nehemiah 10:40,12,ܘܕܡܫܚܐ,,,,Peshitta,PESH
16,Nehemiah,10,40,Nehemiah 10:40,13,ܘܬܡܢ,,,,Peshitta,PESH
16,Nehemiah,10,40,Nehemiah 10:40,14,ܡܐܢܝ̈,,,,Peshitta,PESH
16,Nehemiah,10,40,Nehemiah 10:40,15,ܩܘܕܫܐ,,,,Peshitta,PESH
16,Nehemiah,10,40,Nehemiah 10:40,16,ܘܟܘܡܪ̈ܐ,,,,Peshitta,PESH
16,Nehemiah,10,40,Nehemiah 10:40,17,ܘܠܘܝ̈ܐ,,,,Peshitta,PESH
16,Nehemiah,10,40,Nehemiah 10:40,18,ܘܬܪ̈ܥܐ,,,,Peshitta,PESH
16,Nehemiah,10,40,Nehemiah 10:40,19,ܘܢܛܘܪ̈ܐ,,,,Peshitta,PESH
16,Nehemiah,10,40,Nehemiah 10:40,20,ܠܐ,,,,Peshitta,PESH
16,Nehemiah,10,40,Nehemiah 10:40,21,ܢܫܒܩܘܢ,,,,Peshitta,PESH
16,Nehemiah,10,40,Nehemiah 10:40,22,ܠܒܝܬܐ,,,,Peshitta,PESH
16,Nehemiah,10,40,Nehemiah 10:40,23,ܕܐܠܗܢ,,,,Peshitta,PESH
16,Nehemiah,11,1,Nehemiah 11:1,1,ܘܢܬܒܘܢ,,,,Peshitta,PESH
16,Nehemiah,11,1,Nehemiah 11:1,2,ܩܫܝ̈ܫܝ,,,,Peshitta,PESH
16,Nehemiah,11,1,Nehemiah 11:1,3,ܥܡܐ,,,,Peshitta,PESH
16,Nehemiah,11,1,Nehemiah 11:1,4,ܒܐܘܪܫܠܡ,,,,Peshitta,PESH
16,Nehemiah,11,1,Nehemiah 11:1,5,ܘܫܪܟܐ,,,,Peshitta,PESH
16,Nehemiah,11,1,Nehemiah 11:1,6,ܕܥܡܐ,,,,Peshitta,PESH
16,Nehemiah,11,1,Nehemiah 11:1,7,ܢܪܡܘܢ,,,,Peshitta,PESH
16,Nehemiah,11,1,Nehemiah 11:1,8,ܦ̈ܨܐ,,,,Peshitta,PESH
16,Nehemiah,11,1,Nehemiah 11:1,9,ܠܡܝܬܝܘ,,,,Peshitta,PESH
16,Nehemiah,11,1,Nehemiah 11:1,10,ܚܕ,,,,Peshitta,PESH
16,Nehemiah,11,1,Nehemiah 11:1,11,ܡܢ,,,,Peshitta,PESH
16,Nehemiah,11,1,Nehemiah 11:1,12,ܥܣܪܐ,,,,Peshitta,PESH
16,Nehemiah,11,1,Nehemiah 11:1,13,ܒܢ̈ܝ,,,,Peshitta,PESH
16,Nehemiah,11,1,Nehemiah 11:1,14,ܐܢܫܐ,,,,Peshitta,PESH
16,Nehemiah,11,1,Nehemiah 11:1,15,ܠܡܥܡܪ,,,,Peshitta,PESH
16,Nehemiah,11,1,Nehemiah 11:1,16,ܒܐܘܪܫܠܡ,,,,Peshitta,PESH
16,Nehemiah,11,1,Nehemiah 11:1,17,ܡܕܝܢܬܐ,,,,Peshitta,PESH
16,Nehemiah,11,1,Nehemiah 11:1,18,ܕܩܘܕܫܐ,,,,Peshitta,PESH
16,Nehemiah,11,1,Nehemiah 11:1,19,ܘܬܫܥ,,,,Peshitta,PESH
16,Nehemiah,11,1,Nehemiah 11:1,20,ܡܢ̈ܘܢ,,,,Peshitta,PESH
16,Nehemiah,11,1,Nehemiah 11:1,21,ܢܗܘܘܢ,,,,Peshitta,PESH
16,Nehemiah,11,1,Nehemiah 11:1,22,ܒܩܘܪ̈ܝܐ,,,,Peshitta,PESH
16,Nehemiah,11,2,Nehemiah 11:2,1,ܘܒܪܟܘ,,,,Peshitta,PESH
16,Nehemiah,11,2,Nehemiah 11:2,2,ܥܡܐ,,,,Peshitta,PESH
16,Nehemiah,11,2,Nehemiah 11:2,3,ܠܟܠܗܘܢ,,,,Peshitta,PESH
16,Nehemiah,11,2,Nehemiah 11:2,4,ܐܢܫܐ,,,,Peshitta,PESH
16,Nehemiah,11,2,Nehemiah 11:2,5,ܐܝܠܝܢ,,,,Peshitta,PESH
16,Nehemiah,11,2,Nehemiah 11:2,6,ܕܨܒܘ,,,,Peshitta,PESH
16,Nehemiah,11,2,Nehemiah 11:2,7,ܡܢ,,,,Peshitta,PESH
16,Nehemiah,11,2,Nehemiah 11:2,8,ܪܥܝܢܗܘܢ,,,,Peshitta,PESH
16,Nehemiah,11,2,Nehemiah 11:2,9,ܠܡܬܒ,,,,Peshitta,PESH
16,Nehemiah,11,2,Nehemiah 11:2,10,ܒܐܘܪܫܠܡ,,,,Peshitta,PESH
16,Nehemiah,11,3,Nehemiah 11:3,1,ܘܗܠܝܢ,,,,Peshitta,PESH
16,Nehemiah,11,3,Nehemiah 11:3,2,ܪ̈ܝܫܐ,,,,Peshitta,PESH
16,Nehemiah,11,3,Nehemiah 11:3,3,ܕܡܕܝܢܬܐ,,,,Peshitta,PESH
16,Nehemiah,11,3,Nehemiah 11:3,4,ܕܝܬܒܘ,,,,Peshitta,PESH
16,Nehemiah,11,3,Nehemiah 11:3,5,ܒܐܘܪܫܠܡ,,,,Peshitta,PESH
16,Nehemiah,11,3,Nehemiah 11:3,6,ܘܒܩܘܪ̈ܝܐ,,,,Peshitta,PESH
16,Nehemiah,11,3,Nehemiah 11:3,7,ܕܝܗܘܕܐ,,,,Peshitta,PESH
16,Nehemiah,11,3,Nehemiah 11:3,8,ܘܝܬܒܘ,,,,Peshitta,PESH
16,Nehemiah,11,3,Nehemiah 11:3,9,ܓܒܪܐ,,,,Peshitta,PESH
16,Nehemiah,11,3,Nehemiah 11:3,10,ܘܝܘܪܬܢܗ,,,,Peshitta,PESH
16,Nehemiah,11,3,Nehemiah 11:3,11,ܒܩܘܪ̈ܝܗܘܢ,,,,Peshitta,PESH
16,Nehemiah,11,3,Nehemiah 11:3,12,ܕܐܝܣܪܝܠ,,,,Peshitta,PESH
16,Nehemiah,11,3,Nehemiah 11:3,13,ܟܘܡܪ̈ܐ,,,,Peshitta,PESH
16,Nehemiah,11,3,Nehemiah 11:3,14,ܘܠܘܝ̈ܐ,,,,Peshitta,PESH
16,Nehemiah,11,3,Nehemiah 11:3,15,ܘܥܡܐ,,,,Peshitta,PESH
16,Nehemiah,11,3,Nehemiah 11:3,16,ܘܒܢ̈ܝ,,,,Peshitta,PESH
16,Nehemiah,11,3,Nehemiah 11:3,17,ܥ̈ܒ̣ܕܝ,,,,Peshitta,PESH
16,Nehemiah,11,3,Nehemiah 11:3,18,ܫܠܝܡܘܢ,,,,Peshitta,PESH
16,Nehemiah,11,4,Nehemiah 11:4,1,ܒܐܘܪܫܠܡ,,,,Peshitta,PESH
16,Nehemiah,11,4,Nehemiah 11:4,2,ܘܡܢ,,,,Peshitta,PESH
16,Nehemiah,11,4,Nehemiah 11:4,3,ܒܢ̈ܝ,,,,Peshitta,PESH
16,Nehemiah,11,4,Nehemiah 11:4,4,ܝܗܘܕܐ,,,,Peshitta,PESH
16,Nehemiah,11,4,Nehemiah 11:4,5,ܘܡܢ,,,,Peshitta,PESH
16,Nehemiah,11,4,Nehemiah 11:4,6,ܒܢ̈ܝ,,,,Peshitta,PESH
16,Nehemiah,11,4,Nehemiah 11:4,7,ܒܢܝܡܝܢ,,,,Peshitta,PESH
16,Nehemiah,11,4,Nehemiah 11:4,8,ܘܡܢ,,,,Peshitta,PESH
16,Nehemiah,11,4,Nehemiah 11:4,9,ܒܢ̈ܝ,,,,Peshitta,PESH
16,Nehemiah,11,4,Nehemiah 11:4,10,ܗܘܕܝܐ,,,,Peshitta,PESH
16,Nehemiah,11,4,Nehemiah 11:4,11,ܢܬܢܝܐ,,,,Peshitta,PESH
16,Nehemiah,11,4,Nehemiah 11:4,12,ܒܪ,,,,Peshitta,PESH
16,Nehemiah,11,4,Nehemiah 11:4,13,ܥܘܙܝܐ,,,,Peshitta,PESH
16,Nehemiah,11,4,Nehemiah 11:4,14,ܒܪ,,,,Peshitta,PESH
16,Nehemiah,11,4,Nehemiah 11:4,15,ܙܟܪܝܐ,,,,Peshitta,PESH
16,Nehemiah,11,4,Nehemiah 11:4,16,ܒܪ,,,,Peshitta,PESH
16,Nehemiah,11,4,Nehemiah 11:4,17,ܐܡܪܝܐ,,,,Peshitta,PESH
16,Nehemiah,11,4,Nehemiah 11:4,18,ܒܪ,,,,Peshitta,PESH
16,Nehemiah,11,4,Nehemiah 11:4,19,ܫܦܛܝܐ,,,,Peshitta,PESH
16,Nehemiah,11,4,Nehemiah 11:4,20,ܒܪ,,,,Peshitta,PESH
16,Nehemiah,11,4,Nehemiah 11:4,21,ܡܗܠܠܐܝܠ,,,,Peshitta,PESH
16,Nehemiah,11,4,Nehemiah 11:4,22,ܡܢ,,,,Peshitta,PESH
16,Nehemiah,11,4,Nehemiah 11:4,23,ܒܢ̈ܝ,,,,Peshitta,PESH
16,Nehemiah,11,4,Nehemiah 11:4,24,ܦܪܨ,,,,Peshitta,PESH
16,Nehemiah,11,5,Nehemiah 11:5,1,ܡܥܣܝܐ,,,,Peshitta,PESH
16,Nehemiah,11,5,Nehemiah 11:5,2,ܒܪ,,,,Peshitta,PESH
16,Nehemiah,11,5,Nehemiah 11:5,3,ܒܪܘܟ,,,,Peshitta,PESH
16,Nehemiah,11,5,Nehemiah 11:5,4,ܒܪ,,,,Peshitta,PESH
16,Nehemiah,11,5,Nehemiah 11:5,5,ܟܠܚܙܐ,,,,Peshitta,PESH
16,Nehemiah,11,5,Nehemiah 11:5,6,ܒܪ,,,,Peshitta,PESH
16,Nehemiah,11,5,Nehemiah 11:5,7,ܚܕܝܐ,,,,Peshitta,PESH
16,Nehemiah,11,5,Nehemiah 11:5,8,ܒܪ,,,,Peshitta,PESH
16,Nehemiah,11,5,Nehemiah 11:5,9,ܥܙܪܝܐ,,,,Peshitta,PESH
16,Nehemiah,11,5,Nehemiah 11:5,10,ܒܪ,,,,Peshitta,PESH
16,Nehemiah,11,5,Nehemiah 11:5,11,ܝܘܢܕܒ,,,,Peshitta,PESH
16,Nehemiah,11,5,Nehemiah 11:5,12,ܒܪ,,,,Peshitta,PESH
16,Nehemiah,11,5,Nehemiah 11:5,13,ܙܟܪܝܐ,,,,Peshitta,PESH
16,Nehemiah,11,5,Nehemiah 11:5,14,ܒܪ,,,,Peshitta,PESH
16,Nehemiah,11,5,Nehemiah 11:5,15,ܫܠܐ,,,,Peshitta,PESH
16,Nehemiah,11,6,Nehemiah 11:6,1,ܟܠܗܘܢ,,,,Peshitta,PESH
16,Nehemiah,11,6,Nehemiah 11:6,2,ܒܢ̈ܝ,,,,Peshitta,PESH
16,Nehemiah,11,6,Nehemiah 11:6,3,ܦܪܨ,,,,Peshitta,PESH
16,Nehemiah,11,6,Nehemiah 11:6,4,ܕܥܡܪܝܢ,,,,Peshitta,PESH
16,Nehemiah,11,6,Nehemiah 11:6,5,ܒܐܘܪܫܠܡ,,,,Peshitta,PESH
16,Nehemiah,11,6,Nehemiah 11:6,6,ܐܪܒܥܡܐܐ,,,,Peshitta,PESH
16,Nehemiah,11,6,Nehemiah 11:6,7,ܘܐܫܬܝܢ,,,,Peshitta,PESH
16,Nehemiah,11,6,Nehemiah 11:6,8,ܘܬܡܢܝܐ,,,,Peshitta,PESH
16,Nehemiah,11,6,Nehemiah 11:6,9,ܓܢܒܪ̈ܝ,,,,Peshitta,PESH
16,Nehemiah,11,6,Nehemiah 11:6,10,ܚܝܠܐ,,,,Peshitta,PESH
16,Nehemiah,11,7,Nehemiah 11:7,1,ܘܗܠܝܢ,,,,Peshitta,PESH
16,Nehemiah,11,7,Nehemiah 11:7,2,ܒܢ̈ܝ,,,,Peshitta,PESH
16,Nehemiah,11,7,Nehemiah 11:7,3,ܒܢܝܡܝܢ,,,,Peshitta,PESH
16,Nehemiah,11,7,Nehemiah 11:7,4,ܣܠܐ,,,,Peshitta,PESH
16,Nehemiah,11,7,Nehemiah 11:7,5,ܒܪ,,,,Peshitta,PESH
16,Nehemiah,11,7,Nehemiah 11:7,6,ܡܫܠܘܡ,,,,Peshitta,PESH
16,Nehemiah,11,7,Nehemiah 11:7,7,ܒܪ,,,,Peshitta,PESH
16,Nehemiah,11,7,Nehemiah 11:7,8,ܝܘܝܕܥ,,,,Peshitta,PESH
16,Nehemiah,11,7,Nehemiah 11:7,9,ܒܪ,,,,Peshitta,PESH
16,Nehemiah,11,7,Nehemiah 11:7,10,ܦܪܝܐ,,,,Peshitta,PESH
16,Nehemiah,11,7,Nehemiah 11:7,11,ܒܪ,,,,Peshitta,PESH
16,Nehemiah,11,7,Nehemiah 11:7,12,ܩܠܝܐ,,,,Peshitta,PESH
16,Nehemiah,11,7,Nehemiah 11:7,13,ܒܪ,,,,Peshitta,PESH
16,Nehemiah,11,7,Nehemiah 11:7,14,ܢܥܣܝܐ,,,,Peshitta,PESH
16,Nehemiah,11,7,Nehemiah 11:7,15,ܒܪ,,,,Peshitta,PESH
16,Nehemiah,11,7,Nehemiah 11:7,16,ܐܢܬܝܐܝܠ,,,,Peshitta,PESH
16,Nehemiah,11,7,Nehemiah 11:7,17,ܒܪ,,,,Peshitta,PESH
16,Nehemiah,11,7,Nehemiah 11:7,18,ܐܫܥܝܐ,,,,Peshitta,PESH
16,Nehemiah,11,8,Nehemiah 11:8,1,ܘܒܬܪܗ,,,,Peshitta,PESH
16,Nehemiah,11,8,Nehemiah 11:8,2,ܬܫܥܡܐܐ,,,,Peshitta,PESH
16,Nehemiah,11,8,Nehemiah 11:8,3,ܘܥܣܪܝܢ,,,,Peshitta,PESH
16,Nehemiah,11,8,Nehemiah 11:8,4,ܘܬܡܢܝܐ,,,,Peshitta,PESH
16,Nehemiah,11,9,Nehemiah 11:9,1,ܘܝܘܐܝܠ,,,,Peshitta,PESH
16,Nehemiah,11,9,Nehemiah 11:9,2,ܒܪ,,,,Peshitta,PESH
16,Nehemiah,11,9,Nehemiah 11:9,3,ܙܟܪܝܐ,,,,Peshitta,PESH
16,Nehemiah,11,9,Nehemiah 11:9,4,ܫܠܝܛ,,,,Peshitta,PESH
16,Nehemiah,11,9,Nehemiah 11:9,5,ܥܠܝܗܘܢ,,,,Peshitta,PESH
16,Nehemiah,11,9,Nehemiah 11:9,6,ܘܝܗܘܕܐ,,,,Peshitta,PESH
16,Nehemiah,11,9,Nehemiah 11:9,7,ܒܪ,,,,Peshitta,PESH
16,Nehemiah,11,9,Nehemiah 11:9,8,ܣܢܐܐ,,,,Peshitta,PESH
16,Nehemiah,11,9,Nehemiah 11:9,9,ܫܠܝܛ,,,,Peshitta,PESH
16,Nehemiah,11,9,Nehemiah 11:9,10,ܥܠ,,,,Peshitta,PESH
16,Nehemiah,11,9,Nehemiah 11:9,11,ܩܪܝܬܐ,,,,Peshitta,PESH
16,Nehemiah,11,9,Nehemiah 11:9,12,ܕܬܪ̈ܬܝܢ,,,,Peshitta,PESH
16,Nehemiah,11,10,Nehemiah 11:10,1,ܡܢ,,,,Peshitta,PESH
16,Nehemiah,11,10,Nehemiah 11:10,2,ܟܘܡܪ̈ܐ,,,,Peshitta,PESH
16,Nehemiah,11,10,Nehemiah 11:10,3,ܒܪܟܝܐ,,,,Peshitta,PESH
16,Nehemiah,11,10,Nehemiah 11:10,4,ܒܪ,,,,Peshitta,PESH
16,Nehemiah,11,10,Nehemiah 11:10,5,ܝܘܝܕܥ,,,,Peshitta,PESH
16,Nehemiah,11,11,Nehemiah 11:11,1,ܘܣܪܝܐ,,,,Peshitta,PESH
16,Nehemiah,11,11,Nehemiah 11:11,2,ܒܪ,,,,Peshitta,PESH
16,Nehemiah,11,11,Nehemiah 11:11,3,ܚܠܩܝܐ,,,,Peshitta,PESH
16,Nehemiah,11,11,Nehemiah 11:11,4,ܒܪ,,,,Peshitta,PESH
16,Nehemiah,11,11,Nehemiah 11:11,5,ܡܫܠܘܡ,,,,Peshitta,PESH
16,Nehemiah,11,11,Nehemiah 11:11,6,ܒܪ,,,,Peshitta,PESH
16,Nehemiah,11,11,Nehemiah 11:11,7,ܨܕܘܩ,,,,Peshitta,PESH
16,Nehemiah,11,11,Nehemiah 11:11,8,ܒܪ,,,,Peshitta,PESH
16,Nehemiah,11,11,Nehemiah 11:11,9,ܡܪܝܟܘܬ,,,,Peshitta,PESH
16,Nehemiah,11,11,Nehemiah 11:11,10,ܒܪ,,,,Peshitta,PESH
16,Nehemiah,11,11,Nehemiah 11:11,11,ܐܚܝܛܘܒ,,,,Peshitta,PESH
16,Nehemiah,11,11,Nehemiah 11:11,12,ܫܠܝܛ,,,,Peshitta,PESH
16,Nehemiah,11,11,Nehemiah 11:11,13,ܥܠ,,,,Peshitta,PESH
16,Nehemiah,11,11,Nehemiah 11:11,14,ܒܝܬܐ,,,,Peshitta,PESH
16,Nehemiah,11,11,Nehemiah 11:11,15,ܕܡܪܝܐ,,,,Peshitta,PESH
16,Nehemiah,11,12,Nehemiah 11:12,1,ܘܐܚܘ̈ܗܝ,,,,Peshitta,PESH
16,Nehemiah,11,12,Nehemiah 11:12,2,ܥܒܕܝܢ,,,,Peshitta,PESH
16,Nehemiah,11,12,Nehemiah 11:12,3,ܥܒ̇ܕܐ,,,,Peshitta,PESH
16,Nehemiah,11,12,Nehemiah 11:12,4,ܠܓܘ,,,,Peshitta,PESH
16,Nehemiah,11,12,Nehemiah 11:12,5,ܬܡܢܡܐܐ,,,,Peshitta,PESH
16,Nehemiah,11,12,Nehemiah 11:12,6,ܘܥܣܪܝܢ,,,,Peshitta,PESH
16,Nehemiah,11,12,Nehemiah 11:12,7,ܘܬܪܝܢ,,,,Peshitta,PESH
16,Nehemiah,11,12,Nehemiah 11:12,8,ܘܥܙܪܝܐ,,,,Peshitta,PESH
16,Nehemiah,11,12,Nehemiah 11:12,9,ܒܪ,,,,Peshitta,PESH
16,Nehemiah,11,12,Nehemiah 11:12,10,ܝܪܚܘܡ,,,,Peshitta,PESH
16,Nehemiah,11,12,Nehemiah 11:12,11,ܒܪ,,,,Peshitta,PESH
16,Nehemiah,11,12,Nehemiah 11:12,12,ܦܠܢܝܐ,,,,Peshitta,PESH
16,Nehemiah,11,12,Nehemiah 11:12,13,ܒܪ,,,,Peshitta,PESH
16,Nehemiah,11,12,Nehemiah 11:12,14,ܐܡܨܪ,,,,Peshitta,PESH
16,Nehemiah,11,12,Nehemiah 11:12,15,ܒܪ,,,,Peshitta,PESH
16,Nehemiah,11,12,Nehemiah 11:12,16,ܙܟܪܝܐ,,,,Peshitta,PESH
16,Nehemiah,11,12,Nehemiah 11:12,17,ܒܪ,,,,Peshitta,PESH
16,Nehemiah,11,12,Nehemiah 11:12,18,ܦܫܚܘܪ,,,,Peshitta,PESH
16,Nehemiah,11,12,Nehemiah 11:12,19,ܒܪ,,,,Peshitta,PESH
16,Nehemiah,11,12,Nehemiah 11:12,20,ܡܠܟܝܐ,,,,Peshitta,PESH
16,Nehemiah,11,13,Nehemiah 11:13,1,ܘܐܚܝ̈ܗܘܢ,,,,Peshitta,PESH
16,Nehemiah,11,13,Nehemiah 11:13,2,ܪ̈ܫܐ,,,,Peshitta,PESH
16,Nehemiah,11,13,Nehemiah 11:13,3,ܠܒܝܬ,,,,Peshitta,PESH
16,Nehemiah,11,13,Nehemiah 11:13,4,ܐܒܗܝ̈ܗܘܢ,,,,Peshitta,PESH
16,Nehemiah,11,13,Nehemiah 11:13,5,ܡܐܬܝܢ,,,,Peshitta,PESH
16,Nehemiah,11,13,Nehemiah 11:13,6,ܘܐܪܒܥܝܢ,,,,Peshitta,PESH
16,Nehemiah,11,13,Nehemiah 11:13,7,ܘܬܪܝܢ,,,,Peshitta,PESH
16,Nehemiah,11,13,Nehemiah 11:13,8,ܘܥܡܫܝ,,,,Peshitta,PESH
16,Nehemiah,11,13,Nehemiah 11:13,9,ܒܪ,,,,Peshitta,PESH
16,Nehemiah,11,13,Nehemiah 11:13,10,ܥܙܪܐܝܠ,,,,Peshitta,PESH
16,Nehemiah,11,13,Nehemiah 11:13,11,ܒܪ,,,,Peshitta,PESH
16,Nehemiah,11,13,Nehemiah 11:13,12,ܐܚܕܝ,,,,Peshitta,PESH
16,Nehemiah,11,13,Nehemiah 11:13,13,ܒܪ,,,,Peshitta,PESH
16,Nehemiah,11,13,Nehemiah 11:13,14,ܡܫܠܡܐܘܬ,,,,Peshitta,PESH
16,Nehemiah,11,13,Nehemiah 11:13,15,ܒܪ,,,,Peshitta,PESH
16,Nehemiah,11,13,Nehemiah 11:13,16,ܐܡܝܪ,,,,Peshitta,PESH
16,Nehemiah,11,14,Nehemiah 11:14,1,ܘܐܚܝ̈ܗܘܢ,,,,Peshitta,PESH
16,Nehemiah,11,14,Nehemiah 11:14,2,ܓܢܒܪ̈ܝ,,,,Peshitta,PESH
16,Nehemiah,11,14,Nehemiah 11:14,3,ܚܝܠܐ,,,,Peshitta,PESH
16,Nehemiah,11,14,Nehemiah 11:14,4,ܡܐܐ,,,,Peshitta,PESH
16,Nehemiah,11,14,Nehemiah 11:14,5,ܘܥܣܪܝܢ,,,,Peshitta,PESH
16,Nehemiah,11,14,Nehemiah 11:14,6,ܘܬܡܢܝܐ,,,,Peshitta,PESH
16,Nehemiah,11,14,Nehemiah 11:14,7,ܘܫܠܝܛ,,,,Peshitta,PESH
16,Nehemiah,11,14,Nehemiah 11:14,8,ܥܠܝܗܘܢ,,,,Peshitta,PESH
16,Nehemiah,11,14,Nehemiah 11:14,9,ܙܒܕܐܝܠ,,,,Peshitta,PESH
16,Nehemiah,11,14,Nehemiah 11:14,10,ܒܪ,,,,Peshitta,PESH
16,Nehemiah,11,14,Nehemiah 11:14,11,ܪ̈ܘܪܒܢܐ,,,,Peshitta,PESH
16,Nehemiah,11,15,Nehemiah 11:15,1,ܘܡܢ,,,,Peshitta,PESH
16,Nehemiah,11,15,Nehemiah 11:15,2,ܠܘܝ̈ܐ,,,,Peshitta,PESH
16,Nehemiah,11,15,Nehemiah 11:15,3,ܫܡܥܝܐ,,,,Peshitta,PESH
16,Nehemiah,11,15,Nehemiah 11:15,4,ܒܪ,,,,Peshitta,PESH
16,Nehemiah,11,15,Nehemiah 11:15,5,ܝܫܘܥ,,,,Peshitta,PESH
16,Nehemiah,11,15,Nehemiah 11:15,6,ܒܪ,,,,Peshitta,PESH
16,Nehemiah,11,15,Nehemiah 11:15,7,ܥܙܪܩܝܡ,,,,Peshitta,PESH
16,Nehemiah,11,15,Nehemiah 11:15,8,ܒܪ,,,,Peshitta,PESH
16,Nehemiah,11,15,Nehemiah 11:15,9,ܚܫܒܝܐ,,,,Peshitta,PESH
16,Nehemiah,11,15,Nehemiah 11:15,10,ܒܪ,,,,Peshitta,PESH
16,Nehemiah,11,15,Nehemiah 11:15,11,ܒ̇ܢܝ,,,,Peshitta,PESH
16,Nehemiah,11,16,Nehemiah 11:16,1,ܒܪ,,,,Peshitta,PESH
16,Nehemiah,11,16,Nehemiah 11:16,2,ܫܒܬܝ,,,,Peshitta,PESH
16,Nehemiah,11,16,Nehemiah 11:16,3,ܘܝܘܙܒܪ,,,,Peshitta,PESH
16,Nehemiah,11,16,Nehemiah 11:16,4,ܥܠ,,,,Peshitta,PESH
16,Nehemiah,11,16,Nehemiah 11:16,5,ܥܒܝ̈ܕܬܐ,,,,Peshitta,PESH
16,Nehemiah,11,16,Nehemiah 11:16,6,ܒ̇ܪ̈ܝܬܐ,,,,Peshitta,PESH
16,Nehemiah,11,16,Nehemiah 11:16,7,ܕܒܝܬܐ,,,,Peshitta,PESH
16,Nehemiah,11,16,Nehemiah 11:16,8,ܕܡܪܝܐ,,,,Peshitta,PESH
16,Nehemiah,11,16,Nehemiah 11:16,9,ܘܡܢ,,,,Peshitta,PESH
16,Nehemiah,11,16,Nehemiah 11:16,10,ܪ̈ܫܐ,,,,Peshitta,PESH
16,Nehemiah,11,16,Nehemiah 11:16,11,ܕܠܘܝ̈ܐ,,,,Peshitta,PESH
16,Nehemiah,11,17,Nehemiah 11:17,1,ܡܬܢܝܐ,,,,Peshitta,PESH
16,Nehemiah,11,17,Nehemiah 11:17,2,ܒܪ,,,,Peshitta,PESH
16,Nehemiah,11,17,Nehemiah 11:17,3,ܡܝܟܐ,,,,Peshitta,PESH
16,Nehemiah,11,17,Nehemiah 11:17,4,ܒܪ,,,,Peshitta,PESH
16,Nehemiah,11,17,Nehemiah 11:17,5,ܙܒܕܝ,,,,Peshitta,PESH
16,Nehemiah,11,17,Nehemiah 11:17,6,ܒܪ,,,,Peshitta,PESH
16,Nehemiah,11,17,Nehemiah 11:17,7,ܐܣܦ,,,,Peshitta,PESH
16,Nehemiah,11,17,Nehemiah 11:17,8,ܪܝܫ,,,,Peshitta,PESH
16,Nehemiah,11,17,Nehemiah 11:17,9,ܩܕܡܝܘܬܐ,,,,Peshitta,PESH
16,Nehemiah,11,17,Nehemiah 11:17,10,ܕܝܗܘ̈ܕܝܐ,,,,Peshitta,PESH
16,Nehemiah,11,17,Nehemiah 11:17,11,ܒܨܠܘܬܐ,,,,Peshitta,PESH
16,Nehemiah,11,17,Nehemiah 11:17,12,ܘܒܩܒܘܩܐ,,,,Peshitta,PESH
16,Nehemiah,11,17,Nehemiah 11:17,13,ܬܢܝܢܐ,,,,Peshitta,PESH
16,Nehemiah,11,17,Nehemiah 11:17,14,ܕܐܚܘ̈ܗܝ,,,,Peshitta,PESH
16,Nehemiah,11,17,Nehemiah 11:17,15,ܘܥܝܪܐ,,,,Peshitta,PESH
16,Nehemiah,11,17,Nehemiah 11:17,16,ܒܪ,,,,Peshitta,PESH
16,Nehemiah,11,17,Nehemiah 11:17,17,ܫܡܘܥ,,,,Peshitta,PESH
16,Nehemiah,11,17,Nehemiah 11:17,18,ܒܪ,,,,Peshitta,PESH
16,Nehemiah,11,17,Nehemiah 11:17,19,ܓܠܠ,,,,Peshitta,PESH
16,Nehemiah,11,17,Nehemiah 11:17,20,ܒܪ,,,,Peshitta,PESH
16,Nehemiah,11,17,Nehemiah 11:17,21,ܝܬܪܘܢ,,,,Peshitta,PESH
16,Nehemiah,11,18,Nehemiah 11:18,1,ܟܘܠܗܘܢ,,,,Peshitta,PESH
16,Nehemiah,11,18,Nehemiah 11:18,2,ܠܘܝ̈ܐ,,,,Peshitta,PESH
16,Nehemiah,11,18,Nehemiah 11:18,3,ܕܒܩܘܪܝܬ,,,,Peshitta,PESH
16,Nehemiah,11,18,Nehemiah 11:18,4,ܩܘܕܫܐ,,,,Peshitta,PESH
16,Nehemiah,11,18,Nehemiah 11:18,5,ܡܐܬܝܢ,,,,Peshitta,PESH
16,Nehemiah,11,18,Nehemiah 11:18,6,ܘܬܡܢܐܝܢ,,,,Peshitta,PESH
16,Nehemiah,11,18,Nehemiah 11:18,7,ܘܐܪ̈ܒܥܐ,,,,Peshitta,PESH
16,Nehemiah,11,19,Nehemiah 11:19,1,ܘܬܢܝܢܐ,,,,Peshitta,PESH
16,Nehemiah,11,19,Nehemiah 11:19,2,ܥܩܘܒ,,,,Peshitta,PESH
16,Nehemiah,11,19,Nehemiah 11:19,3,ܘܐܛܠܡܢ,,,,Peshitta,PESH
16,Nehemiah,11,19,Nehemiah 11:19,4,ܘܐܚܝ̈ܗܘܢ,,,,Peshitta,PESH
16,Nehemiah,11,19,Nehemiah 11:19,5,ܕܢܛܪܝܢ,,,,Peshitta,PESH
16,Nehemiah,11,19,Nehemiah 11:19,6,ܒܬܪܥܐ,,,,Peshitta,PESH
16,Nehemiah,11,19,Nehemiah 11:19,7,ܡܐܐ,,,,Peshitta,PESH
16,Nehemiah,11,19,Nehemiah 11:19,8,ܘܫܒܥܝܢ,,,,Peshitta,PESH
16,Nehemiah,11,19,Nehemiah 11:19,9,ܘܬܪܝܢ,,,,Peshitta,PESH
16,Nehemiah,11,20,Nehemiah 11:20,1,ܘܫܪܟܐ,,,,Peshitta,PESH
16,Nehemiah,11,20,Nehemiah 11:20,2,ܕܐܝܣܪܝܠ,,,,Peshitta,PESH
16,Nehemiah,11,20,Nehemiah 11:20,3,ܘܟܘܡܪ̈ܐ,,,,Peshitta,PESH
16,Nehemiah,11,20,Nehemiah 11:20,4,ܘܠܘܝ̈ܐ,,,,Peshitta,PESH
16,Nehemiah,11,20,Nehemiah 11:20,5,ܕܒܟܠ,,,,Peshitta,PESH
16,Nehemiah,11,20,Nehemiah 11:20,6,ܩܘܪ̈ܝܐ,,,,Peshitta,PESH
16,Nehemiah,11,20,Nehemiah 11:20,7,ܕܝܗܘܕܐ,,,,Peshitta,PESH
16,Nehemiah,11,20,Nehemiah 11:20,8,ܓܒܪܐ,,,,Peshitta,PESH
16,Nehemiah,11,20,Nehemiah 11:20,9,ܒܝܪܬܘܬܗ,,,,Peshitta,PESH
16,Nehemiah,11,21,Nehemiah 11:21,1,ܘܥ̈ܒ̣ܕܝܗܘܢ,,,,Peshitta,PESH
16,Nehemiah,11,21,Nehemiah 11:21,2,ܝܬܒܝܢ,,,,Peshitta,PESH
16,Nehemiah,11,21,Nehemiah 11:21,3,ܓܒܪ,,,,Peshitta,PESH
16,Nehemiah,11,21,Nehemiah 11:21,4,ܥܠ,,,,Peshitta,PESH
16,Nehemiah,11,21,Nehemiah 11:21,5,ܦܘܠܚܢܗ,,,,Peshitta,PESH
16,Nehemiah,11,21,Nehemiah 11:21,6,ܘܥܠ,,,,Peshitta,PESH
16,Nehemiah,11,21,Nehemiah 11:21,7,ܦܕܢܗ,,,,Peshitta,PESH
16,Nehemiah,11,22,Nehemiah 11:22,1,ܘܕܫܠܝܛ,,,,Peshitta,PESH
16,Nehemiah,11,22,Nehemiah 11:22,2,ܥܠ,,,,Peshitta,PESH
16,Nehemiah,11,22,Nehemiah 11:22,3,ܠܘܝ̈ܐ,,,,Peshitta,PESH
16,Nehemiah,11,22,Nehemiah 11:22,4,ܒܐܘܪܫܠܡ,,,,Peshitta,PESH
16,Nehemiah,11,22,Nehemiah 11:22,5,ܥܒܕܝ,,,,Peshitta,PESH
16,Nehemiah,11,22,Nehemiah 11:22,6,ܒܪ,,,,Peshitta,PESH
16,Nehemiah,11,22,Nehemiah 11:22,7,ܒܘܢܝ,,,,Peshitta,PESH
16,Nehemiah,11,22,Nehemiah 11:22,8,ܒܪ,,,,Peshitta,PESH
16,Nehemiah,11,22,Nehemiah 11:22,9,ܚܫܒܝܐ,,,,Peshitta,PESH
16,Nehemiah,11,22,Nehemiah 11:22,10,ܒܪ,,,,Peshitta,PESH
16,Nehemiah,11,22,Nehemiah 11:22,11,ܡܬܢܝܐ,,,,Peshitta,PESH
16,Nehemiah,11,22,Nehemiah 11:22,12,ܒܪ,,,,Peshitta,PESH
16,Nehemiah,11,22,Nehemiah 11:22,13,ܡܝܟܐ,,,,Peshitta,PESH
16,Nehemiah,11,22,Nehemiah 11:22,14,ܡܢ,,,,Peshitta,PESH
16,Nehemiah,11,22,Nehemiah 11:22,15,ܒܢ̈ܝ,,,,Peshitta,PESH
16,Nehemiah,11,22,Nehemiah 11:22,16,ܐܣܦ,,,,Peshitta,PESH
16,Nehemiah,11,22,Nehemiah 11:22,17,ܕܡܫܡܫܝܢ,,,,Peshitta,PESH
16,Nehemiah,11,22,Nehemiah 11:22,18,ܠܘܩܒܠ,,,,Peshitta,PESH
16,Nehemiah,11,22,Nehemiah 11:22,19,ܥܒܝ̈ܕܬܐ,,,,Peshitta,PESH
16,Nehemiah,11,22,Nehemiah 11:22,20,ܕܒܝܬܗ,,,,Peshitta,PESH
16,Nehemiah,11,22,Nehemiah 11:22,21,ܕܡܪܝܐ,,,,Peshitta,PESH
16,Nehemiah,11,23,Nehemiah 11:23,1,ܡܛܠ,,,,Peshitta,PESH
16,Nehemiah,11,23,Nehemiah 11:23,2,ܕܦܘܩܕܢܐ,,,,Peshitta,PESH
16,Nehemiah,11,23,Nehemiah 11:23,3,ܕܡܠܟܐ,,,,Peshitta,PESH
16,Nehemiah,11,23,Nehemiah 11:23,4,ܥܠܝܗܘܢ,,,,Peshitta,PESH
16,Nehemiah,11,23,Nehemiah 11:23,5,ܘܫܪܪܐ,,,,Peshitta,PESH
16,Nehemiah,11,23,Nehemiah 11:23,6,ܦܣܝܩ,,,,Peshitta,PESH
16,Nehemiah,11,23,Nehemiah 11:23,7,ܗܘܐ,,,,Peshitta,PESH
16,Nehemiah,11,23,Nehemiah 11:23,8,ܥܠ,,,,Peshitta,PESH
16,Nehemiah,11,23,Nehemiah 11:23,9,ܡܫܡ̈ܫܢܐ,,,,Peshitta,PESH
16,Nehemiah,11,23,Nehemiah 11:23,10,ܟܠܝܘܡ,,,,Peshitta,PESH
16,Nehemiah,11,23,Nehemiah 11:23,11,ܒܝܘܡ,,,,Peshitta,PESH
16,Nehemiah,11,24,Nehemiah 11:24,1,ܘܦܬܚܝܐ,,,,Peshitta,PESH
16,Nehemiah,11,24,Nehemiah 11:24,2,ܒܪ,,,,Peshitta,PESH
16,Nehemiah,11,24,Nehemiah 11:24,3,ܡܫܘܙܦܐܝܠ,,,,Peshitta,PESH
16,Nehemiah,11,24,Nehemiah 11:24,4,ܡܢ,,,,Peshitta,PESH
16,Nehemiah,11,24,Nehemiah 11:24,5,ܒܢ̈ܝ,,,,Peshitta,PESH
16,Nehemiah,11,24,Nehemiah 11:24,6,ܙܪܚ,,,,Peshitta,PESH
16,Nehemiah,11,24,Nehemiah 11:24,7,ܒܪ,,,,Peshitta,PESH
16,Nehemiah,11,24,Nehemiah 11:24,8,ܝܗܘܕܐ,,,,Peshitta,PESH
16,Nehemiah,11,24,Nehemiah 11:24,9,ܗܘ,,,,Peshitta,PESH
16,Nehemiah,11,24,Nehemiah 11:24,10,ܫܠܝܛ,,,,Peshitta,PESH
16,Nehemiah,11,24,Nehemiah 11:24,11,ܗܘܐ,,,,Peshitta,PESH
16,Nehemiah,11,24,Nehemiah 11:24,12,ܥܠ,,,,Peshitta,PESH
16,Nehemiah,11,24,Nehemiah 11:24,13,ܟܠ,,,,Peshitta,PESH
16,Nehemiah,11,24,Nehemiah 11:24,14,ܡ̇ܢ,,,,Peshitta,PESH
16,Nehemiah,11,24,Nehemiah 11:24,15,ܕܐܡ̇ܪ,,,,Peshitta,PESH
16,Nehemiah,11,24,Nehemiah 11:24,16,ܡܠܟܐ,,,,Peshitta,PESH
16,Nehemiah,11,24,Nehemiah 11:24,17,ܥܠ,,,,Peshitta,PESH
16,Nehemiah,11,24,Nehemiah 11:24,18,ܟܠܗ,,,,Peshitta,PESH
16,Nehemiah,11,24,Nehemiah 11:24,19,ܚܘܫܒܢܐ,,,,Peshitta,PESH
16,Nehemiah,11,24,Nehemiah 11:24,20,ܕܥܡܐ,,,,Peshitta,PESH
16,Nehemiah,11,25,Nehemiah 11:25,1,ܥܠ,,,,Peshitta,PESH
16,Nehemiah,11,25,Nehemiah 11:25,2,ܕܪ̈ܝܗܘܢ,,,,Peshitta,PESH
16,Nehemiah,11,25,Nehemiah 11:25,3,ܘܥܠ,,,,Peshitta,PESH
16,Nehemiah,11,25,Nehemiah 11:25,4,ܚܩ̈ܠܬܗܘܢ,,,,Peshitta,PESH
16,Nehemiah,11,25,Nehemiah 11:25,5,ܘܡܢ,,,,Peshitta,PESH
16,Nehemiah,11,25,Nehemiah 11:25,6,ܒܢ̈ܝ,,,,Peshitta,PESH
16,Nehemiah,11,25,Nehemiah 11:25,7,ܝܗܘܕܐ,,,,Peshitta,PESH
16,Nehemiah,11,25,Nehemiah 11:25,8,ܝܬܒܘ,,,,Peshitta,PESH
16,Nehemiah,11,25,Nehemiah 11:25,9,ܒܩܘܪܝܬ,,,,Peshitta,PESH
16,Nehemiah,11,25,Nehemiah 11:25,10,ܐܪܒܥ,,,,Peshitta,PESH
16,Nehemiah,11,25,Nehemiah 11:25,11,ܘܒܟܦܪ̈ܘܢܝܗ̇,,,,Peshitta,PESH
16,Nehemiah,11,25,Nehemiah 11:25,12,ܘܒܪܝܒܘܢ,,,,Peshitta,PESH
16,Nehemiah,11,25,Nehemiah 11:25,13,ܘܒܟܦܪ̈ܘܢܝܗ̇,,,,Peshitta,PESH
16,Nehemiah,11,25,Nehemiah 11:25,14,ܘܒܩܒܨܝܐܝܠ,,,,Peshitta,PESH
16,Nehemiah,11,25,Nehemiah 11:25,15,ܘܒܟܦܪ̈ܘܢܝܗ̇,,,,Peshitta,PESH
16,Nehemiah,11,26,Nehemiah 11:26,1,ܘܒܗܘܫܥ,,,,Peshitta,PESH
16,Nehemiah,11,26,Nehemiah 11:26,2,ܘܒܡܘܠܕܐ,,,,Peshitta,PESH
16,Nehemiah,11,26,Nehemiah 11:26,3,ܘܒܒܝܬ,,,,Peshitta,PESH
16,Nehemiah,11,26,Nehemiah 11:26,4,ܦܠܛ,,,,Peshitta,PESH
16,Nehemiah,11,27,Nehemiah 11:27,1,ܘܒܚܨܪܫܘܥ,,,,Peshitta,PESH
16,Nehemiah,11,27,Nehemiah 11:27,2,ܘܒܒܪܫܒܥ,,,,Peshitta,PESH
16,Nehemiah,11,27,Nehemiah 11:27,3,ܘܒܟܦܪ̈ܘܢܝܗ̇,,,,Peshitta,PESH
16,Nehemiah,11,28,Nehemiah 11:28,1,ܘܒܨܢܩܠܥ,,,,Peshitta,PESH
16,Nehemiah,11,28,Nehemiah 11:28,2,ܘܒܡܟܝܐ,,,,Peshitta,PESH
16,Nehemiah,11,28,Nehemiah 11:28,3,ܘܒܟܦܪ̈ܘܢܝܗ̇,,,,Peshitta,PESH
16,Nehemiah,11,29,Nehemiah 11:29,1,ܘܒܥܝܢܪܡܘܢ,,,,Peshitta,PESH
16,Nehemiah,11,29,Nehemiah 11:29,2,ܘܒܨܕܥܐ,,,,Peshitta,PESH
16,Nehemiah,11,29,Nehemiah 11:29,3,ܘܒܝܪܡܘܬ,,,,Peshitta,PESH
16,Nehemiah,11,30,Nehemiah 11:30,1,ܘܒܙܝܘܚ,,,,Peshitta,PESH
16,Nehemiah,11,30,Nehemiah 11:30,2,ܘܒܐܕܠܡ,,,,Peshitta,PESH
16,Nehemiah,11,30,Nehemiah 11:30,3,ܘܒܟܦܪ̈ܘܢܝܗܝܢ,,,,Peshitta,PESH
16,Nehemiah,11,30,Nehemiah 11:30,4,ܘܒܠܟܝܫ,,,,Peshitta,PESH
16,Nehemiah,11,30,Nehemiah 11:30,5,ܘܒܟܦܪ̈ܘܢܝܗ̇,,,,Peshitta,PESH
16,Nehemiah,11,30,Nehemiah 11:30,6,ܘܒܥܙܩܐ,,,,Peshitta,PESH
16,Nehemiah,11,30,Nehemiah 11:30,7,ܘܒܟܦܪ̈ܘܢܝܗ̇,,,,Peshitta,PESH
16,Nehemiah,11,30,Nehemiah 11:30,8,ܘܫܪܘ,,,,Peshitta,PESH
16,Nehemiah,11,30,Nehemiah 11:30,9,ܡܢ,,,,Peshitta,PESH
16,Nehemiah,11,30,Nehemiah 11:30,10,ܒܪ,,,,Peshitta,PESH
16,Nehemiah,11,30,Nehemiah 11:30,11,ܫܒܥ,,,,Peshitta,PESH
16,Nehemiah,11,30,Nehemiah 11:30,12,ܘܥܕܡܐ,,,,Peshitta,PESH
16,Nehemiah,11,30,Nehemiah 11:30,13,ܠܦܩܥܬܐ,,,,Peshitta,PESH
16,Nehemiah,11,30,Nehemiah 11:30,14,ܕܗܢܘܡ,,,,Peshitta,PESH
16,Nehemiah,11,31,Nehemiah 11:31,1,ܘܒܢ̈ܝ,,,,Peshitta,PESH
16,Nehemiah,11,31,Nehemiah 11:31,2,ܒܢܝܡܝܢ,,,,Peshitta,PESH
16,Nehemiah,11,31,Nehemiah 11:31,3,ܡܢ,,,,Peshitta,PESH
16,Nehemiah,11,31,Nehemiah 11:31,4,ܪܡܬܐ,,,,Peshitta,PESH
16,Nehemiah,11,31,Nehemiah 11:31,5,ܕܡܟܡܣ,,,,Peshitta,PESH
16,Nehemiah,11,31,Nehemiah 11:31,6,ܘܥܝ,,,,Peshitta,PESH
16,Nehemiah,11,31,Nehemiah 11:31,7,ܘܒܝܬ,,,,Peshitta,PESH
16,Nehemiah,11,31,Nehemiah 11:31,8,ܐܝܠ,,,,Peshitta,PESH
16,Nehemiah,11,31,Nehemiah 11:31,9,ܘܟܦܪ̈ܘܢܝܗ̇,,,,Peshitta,PESH
16,Nehemiah,11,32,Nehemiah 11:32,1,ܘܥܢܬܘܬ,,,,Peshitta,PESH
16,Nehemiah,11,32,Nehemiah 11:32,2,ܘܝܘܐܒ,,,,Peshitta,PESH
16,Nehemiah,11,32,Nehemiah 11:32,3,ܘܥܢܢܝܐ,,,,Peshitta,PESH
16,Nehemiah,11,33,Nehemiah 11:33,1,ܘܚܨܘܪ,,,,Peshitta,PESH
16,Nehemiah,11,33,Nehemiah 11:33,2,ܘܪܡܬܐ,,,,Peshitta,PESH
16,Nehemiah,11,33,Nehemiah 11:33,3,ܘܓܬܝܡ,,,,Peshitta,PESH
16,Nehemiah,11,34,Nehemiah 11:34,1,ܘܚܕܪ,,,,Peshitta,PESH
16,Nehemiah,11,34,Nehemiah 11:34,2,ܘܨܒܥܘܢ,,,,Peshitta,PESH
16,Nehemiah,11,34,Nehemiah 11:34,3,ܘܝܒܠܛ,,,,Peshitta,PESH
16,Nehemiah,11,35,Nehemiah 11:35,1,ܘܠܘܕ,,,,Peshitta,PESH
16,Nehemiah,11,35,Nehemiah 11:35,2,ܘܐܘܢܘ,,,,Peshitta,PESH
16,Nehemiah,11,35,Nehemiah 11:35,3,ܘܢܝܚܐ,,,,Peshitta,PESH
16,Nehemiah,11,35,Nehemiah 11:35,4,ܘܚܪܫܐ,,,,Peshitta,PESH
16,Nehemiah,11,36,Nehemiah 11:36,1,ܘܡܢ,,,,Peshitta,PESH
16,Nehemiah,11,36,Nehemiah 11:36,2,ܠܘܝ̈ܐ,,,,Peshitta,PESH
16,Nehemiah,11,36,Nehemiah 11:36,3,ܦܠܓܘܬܐ,,,,Peshitta,PESH
16,Nehemiah,11,36,Nehemiah 11:36,4,ܕܝܗܘܕܐ,,,,Peshitta,PESH
16,Nehemiah,11,36,Nehemiah 11:36,5,ܘܕܒܢܝܡܝܢ,,,,Peshitta,PESH
16,Nehemiah,12,1,Nehemiah 12:1,1,ܘܗܠܝܢ,,,,Peshitta,PESH
16,Nehemiah,12,1,Nehemiah 12:1,2,ܟܘܡܪ̈ܐ,,,,Peshitta,PESH
16,Nehemiah,12,1,Nehemiah 12:1,3,ܘܠܘܝ̈ܐ,,,,Peshitta,PESH
16,Nehemiah,12,1,Nehemiah 12:1,4,ܕܣܠܩܘ,,,,Peshitta,PESH
16,Nehemiah,12,1,Nehemiah 12:1,5,ܥܡ,,,,Peshitta,PESH
16,Nehemiah,12,1,Nehemiah 12:1,6,ܙܘܪܒܒܠ,,,,Peshitta,PESH
16,Nehemiah,12,1,Nehemiah 12:1,7,ܒܪ,,,,Peshitta,PESH
16,Nehemiah,12,1,Nehemiah 12:1,8,ܫܠܬܐܝܠ,,,,Peshitta,PESH
16,Nehemiah,12,1,Nehemiah 12:1,9,ܝܫܘܥ,,,,Peshitta,PESH
16,Nehemiah,12,1,Nehemiah 12:1,10,ܣܪܝܐ,,,,Peshitta,PESH
16,Nehemiah,12,1,Nehemiah 12:1,11,ܥܙܡܐ,,,,Peshitta,PESH
16,Nehemiah,12,1,Nehemiah 12:1,12,ܥܙܪܐ,,,,Peshitta,PESH
16,Nehemiah,12,2,Nehemiah 12:2,1,ܐܡܪܝܐ,,,,Peshitta,PESH
16,Nehemiah,12,2,Nehemiah 12:2,2,ܡܠܘܟ,,,,Peshitta,PESH
16,Nehemiah,12,2,Nehemiah 12:2,3,ܚܛܘܫ,,,,Peshitta,PESH
16,Nehemiah,12,3,Nehemiah 12:3,1,ܫܟܢܝܐ,,,,Peshitta,PESH
16,Nehemiah,12,3,Nehemiah 12:3,2,ܐܪܚܘܡ,,,,Peshitta,PESH
16,Nehemiah,12,3,Nehemiah 12:3,3,ܡܪܡܘܬ,,,,Peshitta,PESH
16,Nehemiah,12,4,Nehemiah 12:4,1,ܥܕܐ,,,,Peshitta,PESH
16,Nehemiah,12,4,Nehemiah 12:4,2,ܥܙܬ,,,,Peshitta,PESH
16,Nehemiah,12,4,Nehemiah 12:4,3,ܐܒܝܐ,,,,Peshitta,PESH
16,Nehemiah,12,5,Nehemiah 12:5,1,ܒܢܝܡܝܢ,,,,Peshitta,PESH
16,Nehemiah,12,5,Nehemiah 12:5,2,ܡܥܕܪܝܐ,,,,Peshitta,PESH
16,Nehemiah,12,5,Nehemiah 12:5,3,ܒܠܓܝ,,,,Peshitta,PESH
16,Nehemiah,12,6,Nehemiah 12:6,1,ܫܡܥܝܐ,,,,Peshitta,PESH
16,Nehemiah,12,6,Nehemiah 12:6,2,ܢܕܘܒ,,,,Peshitta,PESH
16,Nehemiah,12,6,Nehemiah 12:6,3,ܝܕܥܝܐ,,,,Peshitta,PESH
16,Nehemiah,12,7,Nehemiah 12:7,1,ܣܠܘܝ,,,,Peshitta,PESH
16,Nehemiah,12,7,Nehemiah 12:7,2,ܥܡܘܩ,,,,Peshitta,PESH
16,Nehemiah,12,7,Nehemiah 12:7,3,ܚܠܩܝܐ,,,,Peshitta,PESH
16,Nehemiah,12,7,Nehemiah 12:7,4,ܝܕܥܝܐ,,,,Peshitta,PESH
16,Nehemiah,12,7,Nehemiah 12:7,5,ܗܠܝܢ,,,,Peshitta,PESH
16,Nehemiah,12,7,Nehemiah 12:7,6,ܪ̈ܫܐ,,,,Peshitta,PESH
16,Nehemiah,12,7,Nehemiah 12:7,7,ܕܟܘܡܪ̈ܐ,,,,Peshitta,PESH
16,Nehemiah,12,7,Nehemiah 12:7,8,ܘܐܚܝ̈ܗܘܢ,,,,Peshitta,PESH
16,Nehemiah,12,7,Nehemiah 12:7,9,ܒܝܘܡ̈ܬܗ,,,,Peshitta,PESH
16,Nehemiah,12,7,Nehemiah 12:7,10,ܕܝܫܘܥ,,,,Peshitta,PESH
16,Nehemiah,12,8,Nehemiah 12:8,1,ܠܘܝ̈ܐ,,,,Peshitta,PESH
16,Nehemiah,12,8,Nehemiah 12:8,2,ܝܫܘܥ,,,,Peshitta,PESH
16,Nehemiah,12,8,Nehemiah 12:8,3,ܘܒܢ̈ܘܗܝ,,,,Peshitta,PESH
16,Nehemiah,12,8,Nehemiah 12:8,4,ܩܕܡܝܐ,,,,Peshitta,PESH
16,Nehemiah,12,8,Nehemiah 12:8,5,ܥܪܒܝܐ,,,,Peshitta,PESH
16,Nehemiah,12,8,Nehemiah 12:8,6,ܝܗܘܕܐ,,,,Peshitta,PESH
16,Nehemiah,12,8,Nehemiah 12:8,7,ܡܬܢܝܐ,,,,Peshitta,PESH
16,Nehemiah,12,8,Nehemiah 12:8,8,ܗܘܕܝܬ,,,,Peshitta,PESH
16,Nehemiah,12,8,Nehemiah 12:8,9,ܗܘ,,,,Peshitta,PESH
16,Nehemiah,12,8,Nehemiah 12:8,10,ܘܐܚ̈ܘܗܝ,,,,Peshitta,PESH
16,Nehemiah,12,9,Nehemiah 12:9,1,ܘܒܩܒܘܩܐ,,,,Peshitta,PESH
16,Nehemiah,12,9,Nehemiah 12:9,2,ܘܥܠܝ,,,,Peshitta,PESH
16,Nehemiah,12,9,Nehemiah 12:9,3,ܘܐܚܝ̈ܗܘܢ,,,,Peshitta,PESH
16,Nehemiah,12,9,Nehemiah 12:9,4,ܠܘܩܒܠܗܘܢ,,,,Peshitta,PESH
16,Nehemiah,12,9,Nehemiah 12:9,5,ܒܡܛܪܬܐ,,,,Peshitta,PESH
16,Nehemiah,12,10,Nehemiah 12:10,1,ܘܝܫܘܥ,,,,Peshitta,PESH
16,Nehemiah,12,10,Nehemiah 12:10,2,ܐܘܠܕ,,,,Peshitta,PESH
16,Nehemiah,12,10,Nehemiah 12:10,3,ܠܝܘܝܩܝܡ,,,,Peshitta,PESH
16,Nehemiah,12,10,Nehemiah 12:10,4,ܘܝܘܝܩܝܡ,,,,Peshitta,PESH
16,Nehemiah,12,10,Nehemiah 12:10,5,ܐܘܠܕ,,,,Peshitta,PESH
16,Nehemiah,12,10,Nehemiah 12:10,6,ܠܐܠܝܫܒ,,,,Peshitta,PESH
16,Nehemiah,12,10,Nehemiah 12:10,7,ܘܐܠܝܫܒ,,,,Peshitta,PESH
16,Nehemiah,12,10,Nehemiah 12:10,8,ܐܘܠܕ,,,,Peshitta,PESH
16,Nehemiah,12,10,Nehemiah 12:10,9,ܠܝܘܝܕܥ,,,,Peshitta,PESH
16,Nehemiah,12,11,Nehemiah 12:11,1,ܘܝܘܝܕܥ,,,,Peshitta,PESH
16,Nehemiah,12,11,Nehemiah 12:11,2,ܐܘܠܕ,,,,Peshitta,PESH
16,Nehemiah,12,11,Nehemiah 12:11,3,ܠܝܘܢܬܢ,,,,Peshitta,PESH
16,Nehemiah,12,11,Nehemiah 12:11,4,ܘܝܘܢܬܢ,,,,Peshitta,PESH
16,Nehemiah,12,11,Nehemiah 12:11,5,ܐܘܠܕ,,,,Peshitta,PESH
16,Nehemiah,12,11,Nehemiah 12:11,6,ܠܝܕܘܥܐ,,,,Peshitta,PESH
16,Nehemiah,12,12,Nehemiah 12:12,1,ܘܒܝܘܡ̈ܝ,,,,Peshitta,PESH
16,Nehemiah,12,12,Nehemiah 12:12,2,ܝܘܝܩܝܡ,,,,Peshitta,PESH
16,Nehemiah,12,12,Nehemiah 12:12,3,ܗܘܘ,,,,Peshitta,PESH
16,Nehemiah,12,12,Nehemiah 12:12,4,ܟܘܡܪ̈ܐ,,,,Peshitta,PESH
16,Nehemiah,12,12,Nehemiah 12:12,5,ܪ̈ܝܫܝ,,,,Peshitta,PESH
16,Nehemiah,12,12,Nehemiah 12:12,6,ܐܒܗ̈ܐ,,,,Peshitta,PESH
16,Nehemiah,12,12,Nehemiah 12:12,7,ܣܪܝܐ,,,,Peshitta,PESH
16,Nehemiah,12,12,Nehemiah 12:12,8,ܐܡܪܝܐ,,,,Peshitta,PESH
16,Nehemiah,12,12,Nehemiah 12:12,9,ܐܪܡܝܐ,,,,Peshitta,PESH
16,Nehemiah,12,12,Nehemiah 12:12,10,ܚܢܢܝܐ,,,,Peshitta,PESH
16,Nehemiah,12,13,Nehemiah 12:13,1,ܥܙܪܐ,,,,Peshitta,PESH
16,Nehemiah,12,13,Nehemiah 12:13,2,ܡܫܠܡ,,,,Peshitta,PESH
16,Nehemiah,12,13,Nehemiah 12:13,3,ܐܡܪܝܐ,,,,Peshitta,PESH
16,Nehemiah,12,13,Nehemiah 12:13,4,ܝܘܚܢܢ,,,,Peshitta,PESH
16,Nehemiah,12,14,Nehemiah 12:14,1,ܡܠܟܝܐ,,,,Peshitta,PESH
16,Nehemiah,12,14,Nehemiah 12:14,2,ܝܘܢܬܢ,,,,Peshitta,PESH
16,Nehemiah,12,14,Nehemiah 12:14,3,ܫܟܢܝܐ,,,,Peshitta,PESH
16,Nehemiah,12,14,Nehemiah 12:14,4,ܝܘܣܦ,,,,Peshitta,PESH
16,Nehemiah,12,15,Nehemiah 12:15,1,ܚܪܡ,,,,Peshitta,PESH
16,Nehemiah,12,15,Nehemiah 12:15,2,ܥܪܝܐ,,,,Peshitta,PESH
16,Nehemiah,12,15,Nehemiah 12:15,3,ܡܪܘܬ,,,,Peshitta,PESH
16,Nehemiah,12,15,Nehemiah 12:15,4,ܠܚܡܝ,,,,Peshitta,PESH
16,Nehemiah,12,16,Nehemiah 12:16,1,ܥܕܘ,,,,Peshitta,PESH
16,Nehemiah,12,16,Nehemiah 12:16,2,ܙܟܪܝܐ,,,,Peshitta,PESH
16,Nehemiah,12,16,Nehemiah 12:16,3,ܓܥܬܘܢ,,,,Peshitta,PESH
16,Nehemiah,12,16,Nehemiah 12:16,4,ܡܫܠܡ,,,,Peshitta,PESH
16,Nehemiah,12,17,Nehemiah 12:17,1,ܐܒܝܐ,,,,Peshitta,PESH
16,Nehemiah,12,17,Nehemiah 12:17,2,ܙܟܪܝ,,,,Peshitta,PESH
16,Nehemiah,12,17,Nehemiah 12:17,3,ܒܢܝܡܝܢ,,,,Peshitta,PESH
16,Nehemiah,12,17,Nehemiah 12:17,4,ܡܘܕܥܝܐ,,,,Peshitta,PESH
16,Nehemiah,12,17,Nehemiah 12:17,5,ܦܘܠܛܐ,,,,Peshitta,PESH
16,Nehemiah,12,18,Nehemiah 12:18,1,ܒܠܓܐ,,,,Peshitta,PESH
16,Nehemiah,12,18,Nehemiah 12:18,2,ܫܡܘܥ,,,,Peshitta,PESH
16,Nehemiah,12,18,Nehemiah 12:18,3,ܫܡܥܝܐ,,,,Peshitta,PESH
16,Nehemiah,12,18,Nehemiah 12:18,4,ܝܘܢܬܢ,,,,Peshitta,PESH
16,Nehemiah,12,19,Nehemiah 12:19,1,ܝܘܝܕܥ,,,,Peshitta,PESH
16,Nehemiah,12,19,Nehemiah 12:19,2,ܡܬܢܝ,,,,Peshitta,PESH
16,Nehemiah,12,19,Nehemiah 12:19,3,ܝܕܥܝܐ,,,,Peshitta,PESH
16,Nehemiah,12,19,Nehemiah 12:19,4,ܥܙܝ,,,,Peshitta,PESH
16,Nehemiah,12,20,Nehemiah 12:20,1,ܣܠܝ,,,,Peshitta,PESH
16,Nehemiah,12,20,Nehemiah 12:20,2,ܩܠܝ,,,,Peshitta,PESH
16,Nehemiah,12,20,Nehemiah 12:20,3,ܥܡܘܩ,,,,Peshitta,PESH
16,Nehemiah,12,20,Nehemiah 12:20,4,ܥܡܕܝ,,,,Peshitta,PESH
16,Nehemiah,12,21,Nehemiah 12:21,1,ܚܠܩܝܐ,,,,Peshitta,PESH
16,Nehemiah,12,21,Nehemiah 12:21,2,ܚܫܒܝܐ,,,,Peshitta,PESH
16,Nehemiah,12,21,Nehemiah 12:21,3,ܗܘܕܥ,,,,Peshitta,PESH
16,Nehemiah,12,21,Nehemiah 12:21,4,ܢܬܢܝܐܝܠ,,,,Peshitta,PESH
16,Nehemiah,12,22,Nehemiah 12:22,1,ܠܘܝ̈ܐ,,,,Peshitta,PESH
16,Nehemiah,12,22,Nehemiah 12:22,2,ܒܝܘܡ̈ܬܗ,,,,Peshitta,PESH
16,Nehemiah,12,22,Nehemiah 12:22,3,ܕܐܠܝܫܒ,,,,Peshitta,PESH
16,Nehemiah,12,22,Nehemiah 12:22,4,ܘܝܘܝܕܥ,,,,Peshitta,PESH
16,Nehemiah,12,22,Nehemiah 12:22,5,ܘܝܘܚܢܢ,,,,Peshitta,PESH
16,Nehemiah,12,22,Nehemiah 12:22,6,ܘܝܘܝܕܥ,,,,Peshitta,PESH
16,Nehemiah,12,22,Nehemiah 12:22,7,ܟܬܝܒܝܢ,,,,Peshitta,PESH
16,Nehemiah,12,22,Nehemiah 12:22,8,ܪ̈ܝܫܝ,,,,Peshitta,PESH
16,Nehemiah,12,22,Nehemiah 12:22,9,ܐܒܗ̈ܬܐ,,,,Peshitta,PESH
16,Nehemiah,12,22,Nehemiah 12:22,10,ܘܟܘܡܪ̈ܐ,,,,Peshitta,PESH
16,Nehemiah,12,22,Nehemiah 12:22,11,ܥܠ,,,,Peshitta,PESH
16,Nehemiah,12,22,Nehemiah 12:22,12,ܡܠܟܘܬ,,,,Peshitta,PESH
16,Nehemiah,12,22,Nehemiah 12:22,13,ܕܪܝܘܫ,,,,Peshitta,PESH
16,Nehemiah,12,22,Nehemiah 12:22,14,ܦܪܣܝܐ,,,,Peshitta,PESH
16,Nehemiah,12,23,Nehemiah 12:23,1,ܒܢ̈ܝ,,,,Peshitta,PESH
16,Nehemiah,12,23,Nehemiah 12:23,2,ܠܘܝ,,,,Peshitta,PESH
16,Nehemiah,12,23,Nehemiah 12:23,3,ܪ̈ܝܫܝ,,,,Peshitta,PESH
16,Nehemiah,12,23,Nehemiah 12:23,4,ܐܒܗ̈ܐ,,,,Peshitta,PESH
16,Nehemiah,12,23,Nehemiah 12:23,5,ܟܬܝܒܝܢ,,,,Peshitta,PESH
16,Nehemiah,12,23,Nehemiah 12:23,6,ܥܠ,,,,Peshitta,PESH
16,Nehemiah,12,23,Nehemiah 12:23,7,ܟܬܒܐ,,,,Peshitta,PESH
16,Nehemiah,12,23,Nehemiah 12:23,8,ܕܦܬܓܡ̈ܐ,,,,Peshitta,PESH
16,Nehemiah,12,23,Nehemiah 12:23,9,ܕܝܘܡ̈ܬܐ,,,,Peshitta,PESH
16,Nehemiah,12,23,Nehemiah 12:23,10,ܥܕܡܐ,,,,Peshitta,PESH
16,Nehemiah,12,23,Nehemiah 12:23,11,ܠܝܘܡ̈ܬܗ,,,,Peshitta,PESH
16,Nehemiah,12,23,Nehemiah 12:23,12,ܕܝܘܚܢܢ,,,,Peshitta,PESH
16,Nehemiah,12,23,Nehemiah 12:23,13,ܒܪ,,,,Peshitta,PESH
16,Nehemiah,12,23,Nehemiah 12:23,14,ܐܠܝܫܒ,,,,Peshitta,PESH
16,Nehemiah,12,24,Nehemiah 12:24,1,ܘܪ̈ܫܝ,,,,Peshitta,PESH
16,Nehemiah,12,24,Nehemiah 12:24,2,ܠܘܝ̈ܐ,,,,Peshitta,PESH
16,Nehemiah,12,24,Nehemiah 12:24,3,ܝܫܒܝܠ,,,,Peshitta,PESH
16,Nehemiah,12,24,Nehemiah 12:24,4,ܫܪܒܝܐ,,,,Peshitta,PESH
16,Nehemiah,12,24,Nehemiah 12:24,5,ܘܝܫܘܥ,,,,Peshitta,PESH
16,Nehemiah,12,24,Nehemiah 12:24,6,ܘܐܚܘ̈ܗܝ,,,,Peshitta,PESH
16,Nehemiah,12,24,Nehemiah 12:24,7,ܒܢ̈ܝ,,,,Peshitta,PESH
16,Nehemiah,12,24,Nehemiah 12:24,8,ܩܕܡܐܝܠ,,,,Peshitta,PESH
16,Nehemiah,12,24,Nehemiah 12:24,9,ܠܘܩܒܠܗܘܢ,,,,Peshitta,PESH
16,Nehemiah,12,24,Nehemiah 12:24,10,ܡܫܒܚܝܢ,,,,Peshitta,PESH
16,Nehemiah,12,24,Nehemiah 12:24,11,ܘܡܘܕܝܢ,,,,Peshitta,PESH
16,Nehemiah,12,24,Nehemiah 12:24,12,ܐܝܟ,,,,Peshitta,PESH
16,Nehemiah,12,24,Nehemiah 12:24,13,ܦܘܩ̈ܕܢܘܗܝ,,,,Peshitta,PESH
16,Nehemiah,12,24,Nehemiah 12:24,14,ܕܕܘܝܕ,,,,Peshitta,PESH
16,Nehemiah,12,24,Nehemiah 12:24,15,ܢܒܝܐ,,,,Peshitta,PESH
16,Nehemiah,12,24,Nehemiah 12:24,16,ܕܡܪܝܐ,,,,Peshitta,PESH
16,Nehemiah,12,24,Nehemiah 12:24,17,ܡܛܪܬܐ,,,,Peshitta,PESH
16,Nehemiah,12,24,Nehemiah 12:24,18,ܠܘܩܒܠ,,,,Peshitta,PESH
16,Nehemiah,12,24,Nehemiah 12:24,19,ܡܛܪܬܐ,,,,Peshitta,PESH
16,Nehemiah,12,25,Nehemiah 12:25,1,ܡܬܢܝܐ,,,,Peshitta,PESH
16,Nehemiah,12,25,Nehemiah 12:25,2,ܘܒܩܝ,,,,Peshitta,PESH
16,Nehemiah,12,25,Nehemiah 12:25,3,ܘܥܘܒܕܝܐ,,,,Peshitta,PESH
16,Nehemiah,12,25,Nehemiah 12:25,4,ܘܫܠܘܡ,,,,Peshitta,PESH
16,Nehemiah,12,25,Nehemiah 12:25,5,ܘܐܛܠܡܢ,,,,Peshitta,PESH
16,Nehemiah,12,25,Nehemiah 12:25,6,ܘܥܩܘܦ,,,,Peshitta,PESH
16,Nehemiah,12,25,Nehemiah 12:25,7,ܢ̇ܛܪ,,,,Peshitta,PESH
16,Nehemiah,12,25,Nehemiah 12:25,8,ܬܪܥܐ,,,,Peshitta,PESH
16,Nehemiah,12,26,Nehemiah 12:26,1,ܗܠܝܢ,,,,Peshitta,PESH
16,Nehemiah,12,26,Nehemiah 12:26,2,ܒܝܘܡ̈ܘܗܝ,,,,Peshitta,PESH
16,Nehemiah,12,26,Nehemiah 12:26,3,ܕܝܘܝܩܝܡ,,,,Peshitta,PESH
16,Nehemiah,12,26,Nehemiah 12:26,4,ܒܪ,,,,Peshitta,PESH
16,Nehemiah,12,26,Nehemiah 12:26,5,ܝܫܘܥ,,,,Peshitta,PESH
16,Nehemiah,12,26,Nehemiah 12:26,6,ܒܪ,,,,Peshitta,PESH
16,Nehemiah,12,26,Nehemiah 12:26,7,ܝܘܙܕܩ,,,,Peshitta,PESH
16,Nehemiah,12,26,Nehemiah 12:26,8,ܘܒܝܘܡ̈ܝ,,,,Peshitta,PESH
16,Nehemiah,12,26,Nehemiah 12:26,9,ܢܚܡܐܝܠ,,,,Peshitta,PESH
16,Nehemiah,12,26,Nehemiah 12:26,10,ܪܫܐ,,,,Peshitta,PESH
16,Nehemiah,12,26,Nehemiah 12:26,11,ܘܥܙܪܐ,,,,Peshitta,PESH
16,Nehemiah,12,26,Nehemiah 12:26,12,ܟܗܢܐ,,,,Peshitta,PESH
16,Nehemiah,12,26,Nehemiah 12:26,13,ܘܣ̇ܦܪܐ,,,,Peshitta,PESH
16,Nehemiah,12,27,Nehemiah 12:27,1,ܘܟܕ,,,,Peshitta,PESH
16,Nehemiah,12,27,Nehemiah 12:27,2,ܓܡ̣ܪ,,,,Peshitta,PESH
16,Nehemiah,12,27,Nehemiah 12:27,3,ܫܘܪܐ,,,,Peshitta,PESH
16,Nehemiah,12,27,Nehemiah 12:27,4,ܕܐܘܪܫܠܡ,,,,Peshitta,PESH
16,Nehemiah,12,27,Nehemiah 12:27,5,ܟ̇ܢܫܘ,,,,Peshitta,PESH
16,Nehemiah,12,27,Nehemiah 12:27,6,ܠܘܝ̈ܐ,,,,Peshitta,PESH
16,Nehemiah,12,27,Nehemiah 12:27,7,ܒܟܘܠܗ,,,,Peshitta,PESH
16,Nehemiah,12,27,Nehemiah 12:27,8,ܐܬܪܗܘܢ,,,,Peshitta,PESH
16,Nehemiah,12,27,Nehemiah 12:27,9,ܠܡܝܬܝܘ,,,,Peshitta,PESH
16,Nehemiah,12,27,Nehemiah 12:27,10,ܐܢܘܢ,,,,Peshitta,PESH
16,Nehemiah,12,27,Nehemiah 12:27,11,ܠܐܘܪܫܠܡ,,,,Peshitta,PESH
16,Nehemiah,12,27,Nehemiah 12:27,12,ܘܠܡܥܒܕ,,,,Peshitta,PESH
16,Nehemiah,12,27,Nehemiah 12:27,13,ܒܘܣܡܐ,,,,Peshitta,PESH
16,Nehemiah,12,27,Nehemiah 12:27,14,ܘܚܕܘܬܐ,,,,Peshitta,PESH
16,Nehemiah,12,27,Nehemiah 12:27,15,ܘܬܘܕܝܬܐ,,,,Peshitta,PESH
16,Nehemiah,12,27,Nehemiah 12:27,16,ܘܬܫܒ̈ܚܬܐ,,,,Peshitta,PESH
16,Nehemiah,12,27,Nehemiah 12:27,17,ܘܨ̈ܨܠܐ,,,,Peshitta,PESH
16,Nehemiah,12,27,Nehemiah 12:27,18,ܘܟܢܪ̈ܐ,,,,Peshitta,PESH
16,Nehemiah,12,28,Nehemiah 12:28,1,ܘܐܬܟܢܫܘ,,,,Peshitta,PESH
16,Nehemiah,12,28,Nehemiah 12:28,2,ܒܢ̈ܝ,,,,Peshitta,PESH
16,Nehemiah,12,28,Nehemiah 12:28,3,ܡܫܡ̈ܫܢܐ,,,,Peshitta,PESH
16,Nehemiah,12,28,Nehemiah 12:28,4,ܡܢ,,,,Peshitta,PESH
16,Nehemiah,12,28,Nehemiah 12:28,5,ܦܩܥܬܐ,,,,Peshitta,PESH
16,Nehemiah,12,28,Nehemiah 12:28,6,ܕܐܝܬ,,,,Peshitta,PESH
16,Nehemiah,12,28,Nehemiah 12:28,7,ܚܕܪ̈ܝ,,,,Peshitta,PESH
16,Nehemiah,12,28,Nehemiah 12:28,8,ܐܘܪܫܠܡ,,,,Peshitta,PESH
16,Nehemiah,12,28,Nehemiah 12:28,9,ܘܡܢ,,,,Peshitta,PESH
16,Nehemiah,12,28,Nehemiah 12:28,10,ܕܪܬ,,,,Peshitta,PESH
16,Nehemiah,12,28,Nehemiah 12:28,11,ܢܛܦܐ,,,,Peshitta,PESH
16,Nehemiah,12,29,Nehemiah 12:29,1,ܘܡܢ,,,,Peshitta,PESH
16,Nehemiah,12,29,Nehemiah 12:29,2,ܒܝܬ,,,,Peshitta,PESH
16,Nehemiah,12,29,Nehemiah 12:29,3,ܓܠܓܠܐ,,,,Peshitta,PESH
16,Nehemiah,12,29,Nehemiah 12:29,4,ܘܡܢ,,,,Peshitta,PESH
16,Nehemiah,12,29,Nehemiah 12:29,5,ܢܚܠܐ,,,,Peshitta,PESH
16,Nehemiah,12,29,Nehemiah 12:29,6,ܕܓܒܥ,,,,Peshitta,PESH
16,Nehemiah,12,29,Nehemiah 12:29,7,ܘܡܢ,,,,Peshitta,PESH
16,Nehemiah,12,29,Nehemiah 12:29,8,ܥܪܡܘܬ,,,,Peshitta,PESH
16,Nehemiah,12,29,Nehemiah 12:29,9,ܡܛܠ,,,,Peshitta,PESH
16,Nehemiah,12,29,Nehemiah 12:29,10,ܕܕܪ̈ܐ,,,,Peshitta,PESH
16,Nehemiah,12,29,Nehemiah 12:29,11,ܒܢܘ,,,,Peshitta,PESH
16,Nehemiah,12,29,Nehemiah 12:29,12,ܠܗܘܢ,,,,Peshitta,PESH
16,Nehemiah,12,29,Nehemiah 12:29,13,ܡܫܡ̈ܫܢܐ,,,,Peshitta,PESH
16,Nehemiah,12,29,Nehemiah 12:29,14,ܚܕܪ̈ܝ,,,,Peshitta,PESH
16,Nehemiah,12,29,Nehemiah 12:29,15,ܐܘܪܫܠܡ,,,,Peshitta,PESH
16,Nehemiah,12,30,Nehemiah 12:30,1,ܘܐܬܕܟܝܘ,,,,Peshitta,PESH
16,Nehemiah,12,30,Nehemiah 12:30,2,ܟܘܡܪ̈ܐ,,,,Peshitta,PESH
16,Nehemiah,12,30,Nehemiah 12:30,3,ܘܠܘܝ̈ܐ,,,,Peshitta,PESH
16,Nehemiah,12,30,Nehemiah 12:30,4,ܘܕܟܝܘ,,,,Peshitta,PESH
16,Nehemiah,12,30,Nehemiah 12:30,5,ܠܥܡܐ,,,,Peshitta,PESH
16,Nehemiah,12,30,Nehemiah 12:30,6,ܘܠܬܪ̈ܥܐ,,,,Peshitta,PESH
16,Nehemiah,12,30,Nehemiah 12:30,7,ܕܫܘܪܐ,,,,Peshitta,PESH
16,Nehemiah,12,31,Nehemiah 12:31,1,ܘܐܣܩܘ,,,,Peshitta,PESH
16,Nehemiah,12,31,Nehemiah 12:31,2,ܠܪ̈ܫܐ,,,,Peshitta,PESH
16,Nehemiah,12,31,Nehemiah 12:31,3,ܕܝܗܘܕܐ,,,,Peshitta,PESH
16,Nehemiah,12,31,Nehemiah 12:31,4,ܠܥܠ,,,,Peshitta,PESH
16,Nehemiah,12,31,Nehemiah 12:31,5,ܡܢ,,,,Peshitta,PESH
16,Nehemiah,12,31,Nehemiah 12:31,6,ܫܘܪܐ,,,,Peshitta,PESH
16,Nehemiah,12,31,Nehemiah 12:31,7,ܘܐܩܝܡܘ,,,,Peshitta,PESH
16,Nehemiah,12,31,Nehemiah 12:31,8,ܬܪ̈ܬܝܢ,,,,Peshitta,PESH
16,Nehemiah,12,31,Nehemiah 12:31,9,ܟܢܘܫ̈ܬܐ,,,,Peshitta,PESH
16,Nehemiah,12,31,Nehemiah 12:31,10,ܪ̈ܘܪܒܬܐ,,,,Peshitta,PESH
16,Nehemiah,12,31,Nehemiah 12:31,11,ܘܗܠܟܘ,,,,Peshitta,PESH
16,Nehemiah,12,31,Nehemiah 12:31,12,ܠܥܠ,,,,Peshitta,PESH
16,Nehemiah,12,31,Nehemiah 12:31,13,ܡܢ,,,,Peshitta,PESH
16,Nehemiah,12,31,Nehemiah 12:31,14,ܫܘܪܐ,,,,Peshitta,PESH
16,Nehemiah,12,31,Nehemiah 12:31,15,ܠܝܡܝܢܐ,,,,Peshitta,PESH
16,Nehemiah,12,31,Nehemiah 12:31,16,ܡܢ,,,,Peshitta,PESH
16,Nehemiah,12,31,Nehemiah 12:31,17,ܬܪܥܐ,,,,Peshitta,PESH
16,Nehemiah,12,31,Nehemiah 12:31,18,ܪܒܐ,,,,Peshitta,PESH
16,Nehemiah,12,32,Nehemiah 12:32,1,ܘܐ̣ܙܠ,,,,Peshitta,PESH
16,Nehemiah,12,32,Nehemiah 12:32,2,ܥܡܗܘܢ,,,,Peshitta,PESH
16,Nehemiah,12,32,Nehemiah 12:32,3,ܐܘ̈ܫܥܝܐ,,,,Peshitta,PESH
16,Nehemiah,12,32,Nehemiah 12:32,4,ܘܦ̈ܠܓܐ,,,,Peshitta,PESH
16,Nehemiah,12,32,Nehemiah 12:32,5,ܕܪ̈ܫܐ,,,,Peshitta,PESH
16,Nehemiah,12,32,Nehemiah 12:32,6,ܕܝܗܘܕܐ,,,,Peshitta,PESH
16,Nehemiah,12,33,Nehemiah 12:33,1,ܘܥܙܪܐܝܠ,,,,Peshitta,PESH
16,Nehemiah,12,33,Nehemiah 12:33,2,ܘܥܙܪܐ,,,,Peshitta,PESH
16,Nehemiah,12,33,Nehemiah 12:33,3,ܘܡܫܠܘܡ,,,,Peshitta,PESH
16,Nehemiah,12,34,Nehemiah 12:34,1,ܘܝܗܘܕܐ,,,,Peshitta,PESH
16,Nehemiah,12,34,Nehemiah 12:34,2,ܘܒܢܝܡܝܢ,,,,Peshitta,PESH
16,Nehemiah,12,34,Nehemiah 12:34,3,ܘܫܡܥܝܐ,,,,Peshitta,PESH
16,Nehemiah,12,34,Nehemiah 12:34,4,ܘܝܪܡܝܐ,,,,Peshitta,PESH
16,Nehemiah,12,35,Nehemiah 12:35,1,ܡܢ,,,,Peshitta,PESH
16,Nehemiah,12,35,Nehemiah 12:35,2,ܒܢ̈ܝ,,,,Peshitta,PESH
16,Nehemiah,12,35,Nehemiah 12:35,3,ܟܘܡܪ̈ܐ,,,,Peshitta,PESH
16,Nehemiah,12,35,Nehemiah 12:35,4,ܒܩܪ̈ܢܬܐ,,,,Peshitta,PESH
16,Nehemiah,12,35,Nehemiah 12:35,5,ܙܟܪܝܐ,,,,Peshitta,PESH
16,Nehemiah,12,35,Nehemiah 12:35,6,ܒܪ,,,,Peshitta,PESH
16,Nehemiah,12,35,Nehemiah 12:35,7,ܝܘܢܬܢ,,,,Peshitta,PESH
16,Nehemiah,12,35,Nehemiah 12:35,8,ܒܪ,,,,Peshitta,PESH
16,Nehemiah,12,35,Nehemiah 12:35,9,ܫܡܥܝܐ,,,,Peshitta,PESH
16,Nehemiah,12,35,Nehemiah 12:35,10,ܒܪ,,,,Peshitta,PESH
16,Nehemiah,12,35,Nehemiah 12:35,11,ܡܬܢܝܐ,,,,Peshitta,PESH
16,Nehemiah,12,35,Nehemiah 12:35,12,ܒܪ,,,,Peshitta,PESH
16,Nehemiah,12,35,Nehemiah 12:35,13,ܡܥܟܐ,,,,Peshitta,PESH
16,Nehemiah,12,35,Nehemiah 12:35,14,ܒܪ,,,,Peshitta,PESH
16,Nehemiah,12,35,Nehemiah 12:35,15,ܙܟܘܪ,,,,Peshitta,PESH
16,Nehemiah,12,35,Nehemiah 12:35,16,ܒܪ,,,,Peshitta,PESH
16,Nehemiah,12,35,Nehemiah 12:35,17,ܐܣܦ,,,,Peshitta,PESH
16,Nehemiah,12,36,Nehemiah 12:36,1,ܘܐܚܘ̈ܗܝ,,,,Peshitta,PESH
16,Nehemiah,12,36,Nehemiah 12:36,2,ܫܡܥܝܐ,,,,Peshitta,PESH
16,Nehemiah,12,36,Nehemiah 12:36,3,ܘܥܙܪܐܝܠ,,,,Peshitta,PESH
16,Nehemiah,12,36,Nehemiah 12:36,4,ܡܠܠ,,,,Peshitta,PESH
16,Nehemiah,12,36,Nehemiah 12:36,5,ܓܠܠ,,,,Peshitta,PESH
16,Nehemiah,12,36,Nehemiah 12:36,6,ܥܛܙ,,,,Peshitta,PESH
16,Nehemiah,12,36,Nehemiah 12:36,7,ܢܬܢܝܐܝܠ,,,,Peshitta,PESH
16,Nehemiah,12,36,Nehemiah 12:36,8,ܚܢܢܝ,,,,Peshitta,PESH
16,Nehemiah,12,36,Nehemiah 12:36,9,ܝܗܘܕܐ,,,,Peshitta,PESH
16,Nehemiah,12,36,Nehemiah 12:36,10,ܒܡܐ̈ܢܐ,,,,Peshitta,PESH
16,Nehemiah,12,36,Nehemiah 12:36,11,ܕܬܫܒܚ̈ܬܐ,,,,Peshitta,PESH
16,Nehemiah,12,36,Nehemiah 12:36,12,ܕܕܘܝܕ,,,,Peshitta,PESH
16,Nehemiah,12,36,Nehemiah 12:36,13,ܢܒܝܐ,,,,Peshitta,PESH
16,Nehemiah,12,36,Nehemiah 12:36,14,ܥܒ̣ܕܐ,,,,Peshitta,PESH
16,Nehemiah,12,36,Nehemiah 12:36,15,ܕܡܪܝܐ,,,,Peshitta,PESH
16,Nehemiah,12,36,Nehemiah 12:36,16,ܘܥܙܪܐ,,,,Peshitta,PESH
16,Nehemiah,12,36,Nehemiah 12:36,17,ܣ̇ܦܪܐ,,,,Peshitta,PESH
16,Nehemiah,12,36,Nehemiah 12:36,18,ܩܕܡܝܗܘܢ,,,,Peshitta,PESH
16,Nehemiah,12,37,Nehemiah 12:37,1,ܠܥܠ,,,,Peshitta,PESH
16,Nehemiah,12,37,Nehemiah 12:37,2,ܡܢ,,,,Peshitta,PESH
16,Nehemiah,12,37,Nehemiah 12:37,3,ܬܪܥܐ,,,,Peshitta,PESH
16,Nehemiah,12,37,Nehemiah 12:37,4,ܕܥܝܢܐ,,,,Peshitta,PESH
16,Nehemiah,12,37,Nehemiah 12:37,5,ܘܠܘܩܒܠܗܘܢ,,,,Peshitta,PESH
16,Nehemiah,12,37,Nehemiah 12:37,6,ܣܠܩܘ,,,,Peshitta,PESH
16,Nehemiah,12,37,Nehemiah 12:37,7,ܡܢ,,,,Peshitta,PESH
16,Nehemiah,12,37,Nehemiah 12:37,8,ܡܣܩܢܐ,,,,Peshitta,PESH
16,Nehemiah,12,37,Nehemiah 12:37,9,ܕܩܪܝܬܐ,,,,Peshitta,PESH
16,Nehemiah,12,37,Nehemiah 12:37,10,ܕܕܘܝܕ,,,,Peshitta,PESH
16,Nehemiah,12,37,Nehemiah 12:37,11,ܒܡܣܩܢܐ,,,,Peshitta,PESH
16,Nehemiah,12,37,Nehemiah 12:37,12,ܕܫܘܪܐ,,,,Peshitta,PESH
16,Nehemiah,12,37,Nehemiah 12:37,13,ܡܢ,,,,Peshitta,PESH
16,Nehemiah,12,37,Nehemiah 12:37,14,ܠܥܠ,,,,Peshitta,PESH
16,Nehemiah,12,37,Nehemiah 12:37,15,ܠܒܝܬ,,,,Peshitta,PESH
16,Nehemiah,12,37,Nehemiah 12:37,16,ܕܘܝܕ,,,,Peshitta,PESH
16,Nehemiah,12,37,Nehemiah 12:37,17,ܥܠ,,,,Peshitta,PESH
16,Nehemiah,12,37,Nehemiah 12:37,18,ܬܪܥܐ,,,,Peshitta,PESH
16,Nehemiah,12,37,Nehemiah 12:37,19,ܪܒܐ,,,,Peshitta,PESH
16,Nehemiah,12,37,Nehemiah 12:37,20,ܡܕܢܚܝܐ,,,,Peshitta,PESH
16,Nehemiah,12,38,Nehemiah 12:38,1,ܘܐܘܕܝܘ,,,,Peshitta,PESH
16,Nehemiah,12,38,Nehemiah 12:38,2,ܘܣܠܩܘ,,,,Peshitta,PESH
16,Nehemiah,12,38,Nehemiah 12:38,3,ܡܢ,,,,Peshitta,PESH
16,Nehemiah,12,38,Nehemiah 12:38,4,ܠܥܠ,,,,Peshitta,PESH
16,Nehemiah,12,38,Nehemiah 12:38,5,ܘܐܢܐ,,,,Peshitta,PESH
16,Nehemiah,12,38,Nehemiah 12:38,6,ܒܬܪܗܘܢ,,,,Peshitta,PESH
16,Nehemiah,12,38,Nehemiah 12:38,7,ܘܦܠܓܗ,,,,Peshitta,PESH
16,Nehemiah,12,38,Nehemiah 12:38,8,ܕܥܡܐ,,,,Peshitta,PESH
16,Nehemiah,12,38,Nehemiah 12:38,9,ܣܠܩܘ,,,,Peshitta,PESH
16,Nehemiah,12,38,Nehemiah 12:38,10,ܥܠ,,,,Peshitta,PESH
16,Nehemiah,12,38,Nehemiah 12:38,11,ܫܘܪܐ,,,,Peshitta,PESH
16,Nehemiah,12,38,Nehemiah 12:38,12,ܘܩܡܘ,,,,Peshitta,PESH
16,Nehemiah,12,38,Nehemiah 12:38,13,ܥܠ,,,,Peshitta,PESH
16,Nehemiah,12,38,Nehemiah 12:38,14,ܡܓܕܠܐ,,,,Peshitta,PESH
16,Nehemiah,12,38,Nehemiah 12:38,15,ܪܒܐ,,,,Peshitta,PESH
16,Nehemiah,12,38,Nehemiah 12:38,16,ܘܥܠ,,,,Peshitta,PESH
16,Nehemiah,12,38,Nehemiah 12:38,17,ܫܘܪܐ,,,,Peshitta,PESH
16,Nehemiah,12,38,Nehemiah 12:38,18,ܪܡܐ,,,,Peshitta,PESH
16,Nehemiah,12,38,Nehemiah 12:38,19,ܠܥܠ,,,,Peshitta,PESH
16,Nehemiah,12,38,Nehemiah 12:38,20,ܡܢ,,,,Peshitta,PESH
16,Nehemiah,12,38,Nehemiah 12:38,21,ܫܘܪܐ,,,,Peshitta,PESH
16,Nehemiah,12,38,Nehemiah 12:38,22,ܦܬܝܐ,,,,Peshitta,PESH
16,Nehemiah,12,39,Nehemiah 12:39,1,ܘܠܥܠ,,,,Peshitta,PESH
16,Nehemiah,12,39,Nehemiah 12:39,2,ܡܢ,,,,Peshitta,PESH
16,Nehemiah,12,39,Nehemiah 12:39,3,ܬܪܥܐ,,,,Peshitta,PESH
16,Nehemiah,12,39,Nehemiah 12:39,4,ܕܐܦܪܝܡ,,,,Peshitta,PESH
16,Nehemiah,12,39,Nehemiah 12:39,5,ܥܕܡܐ,,,,Peshitta,PESH
16,Nehemiah,12,39,Nehemiah 12:39,6,ܠܬܪܥܐ,,,,Peshitta,PESH
16,Nehemiah,12,39,Nehemiah 12:39,7,ܥܬܝܩܐ,,,,Peshitta,PESH
16,Nehemiah,12,39,Nehemiah 12:39,8,ܘܥܕܡܐ,,,,Peshitta,PESH
16,Nehemiah,12,39,Nehemiah 12:39,9,ܠܬܪܥܐ,,,,Peshitta,PESH
16,Nehemiah,12,39,Nehemiah 12:39,10,ܕܨܝ̈ܕܐ,,,,Peshitta,PESH
16,Nehemiah,12,39,Nehemiah 12:39,11,ܘܡܢ,,,,Peshitta,PESH
16,Nehemiah,12,39,Nehemiah 12:39,12,ܡܓܕܠܐ,,,,Peshitta,PESH
16,Nehemiah,12,39,Nehemiah 12:39,13,ܕܚܢܢܐܝܠ,,,,Peshitta,PESH
16,Nehemiah,12,39,Nehemiah 12:39,14,ܥܕܡܐ,,,,Peshitta,PESH
16,Nehemiah,12,39,Nehemiah 12:39,15,ܠܡܓܕܠܐ,,,,Peshitta,PESH
16,Nehemiah,12,39,Nehemiah 12:39,16,ܪܡܐ,,,,Peshitta,PESH
16,Nehemiah,12,39,Nehemiah 12:39,17,ܘܥܕܡܐ,,,,Peshitta,PESH
16,Nehemiah,12,39,Nehemiah 12:39,18,ܠܬܪܥܐ,,,,Peshitta,PESH
16,Nehemiah,12,39,Nehemiah 12:39,19,ܕܓ̈ܢܐ,,,,Peshitta,PESH
16,Nehemiah,12,39,Nehemiah 12:39,20,ܘܩܡܘ,,,,Peshitta,PESH
16,Nehemiah,12,39,Nehemiah 12:39,21,ܒܬܪܥܐ,,,,Peshitta,PESH
16,Nehemiah,12,39,Nehemiah 12:39,22,ܪܒܐ,,,,Peshitta,PESH
16,Nehemiah,12,40,Nehemiah 12:40,1,ܘܥܠ,,,,Peshitta,PESH
16,Nehemiah,12,40,Nehemiah 12:40,2,ܬܪ̈ܬܝܢ,,,,Peshitta,PESH
16,Nehemiah,12,40,Nehemiah 12:40,3,ܟܢ̈ܘܫܢ,,,,Peshitta,PESH
16,Nehemiah,12,40,Nehemiah 12:40,4,ܠܒܝܬܗ,,,,Peshitta,PESH
16,Nehemiah,12,40,Nehemiah 12:40,5,ܕܡܪܝܐ,,,,Peshitta,PESH
16,Nehemiah,12,40,Nehemiah 12:40,6,ܘܐܢܐ,,,,Peshitta,PESH
16,Nehemiah,12,40,Nehemiah 12:40,7,ܘܦܠܓܗܘܢ,,,,Peshitta,PESH
16,Nehemiah,12,40,Nehemiah 12:40,8,ܕܪ̈ܫܢܐ,,,,Peshitta,PESH
16,Nehemiah,12,40,Nehemiah 12:40,9,ܕܐܝܬ,,,,Peshitta,PESH
16,Nehemiah,12,40,Nehemiah 12:40,10,ܗܘܘ,,,,Peshitta,PESH
16,Nehemiah,12,40,Nehemiah 12:40,11,ܥܡܝ,,,,Peshitta,PESH
16,Nehemiah,12,41,Nehemiah 12:41,1,ܘܟܘܡܪ̈ܐ,,,,Peshitta,PESH
16,Nehemiah,12,41,Nehemiah 12:41,2,ܐܠܝܩܝܡ,,,,Peshitta,PESH
16,Nehemiah,12,41,Nehemiah 12:41,3,ܘܡܥܣܝܐ,,,,Peshitta,PESH
16,Nehemiah,12,41,Nehemiah 12:41,4,ܡܚܠܝܢ,,,,Peshitta,PESH
16,Nehemiah,12,41,Nehemiah 12:41,5,ܡܝܟܐ,,,,Peshitta,PESH
16,Nehemiah,12,41,Nehemiah 12:41,6,ܐܠܝܗܘ,,,,Peshitta,PESH
16,Nehemiah,12,41,Nehemiah 12:41,7,ܥܢܢܝ,,,,Peshitta,PESH
16,Nehemiah,12,41,Nehemiah 12:41,8,ܙܟܪܝܐ,,,,Peshitta,PESH
16,Nehemiah,12,41,Nehemiah 12:41,9,ܚܢܢܝܐ,,,,Peshitta,PESH
16,Nehemiah,12,41,Nehemiah 12:41,10,ܒܩܪ̈ܢܬܐ,,,,Peshitta,PESH
16,Nehemiah,12,42,Nehemiah 12:42,1,ܡܥܣܝܐ,,,,Peshitta,PESH
16,Nehemiah,12,42,Nehemiah 12:42,2,ܘܫܡܥܝܐ,,,,Peshitta,PESH
16,Nehemiah,12,42,Nehemiah 12:42,3,ܘܠܥܙܪ,,,,Peshitta,PESH
16,Nehemiah,12,42,Nehemiah 12:42,4,ܘܥܙܝ,,,,Peshitta,PESH
16,Nehemiah,12,42,Nehemiah 12:42,5,ܘܝܘܚܢܢ,,,,Peshitta,PESH
16,Nehemiah,12,42,Nehemiah 12:42,6,ܘܡܠܟܝܐ,,,,Peshitta,PESH
16,Nehemiah,12,42,Nehemiah 12:42,7,ܘܥܠܡ,,,,Peshitta,PESH
16,Nehemiah,12,42,Nehemiah 12:42,8,ܘܥܙܘܪ,,,,Peshitta,PESH
16,Nehemiah,12,42,Nehemiah 12:42,9,ܘܫܡܘܥ,,,,Peshitta,PESH
16,Nehemiah,12,42,Nehemiah 12:42,10,ܡܫܡ̈ܫܢܐ,,,,Peshitta,PESH
16,Nehemiah,12,42,Nehemiah 12:42,11,ܘܙܪܚܝܐ,,,,Peshitta,PESH
16,Nehemiah,12,42,Nehemiah 12:42,12,ܪܫܐ,,,,Peshitta,PESH
16,Nehemiah,12,43,Nehemiah 12:43,1,ܘܕܒ̇ܚܘ,,,,Peshitta,PESH
16,Nehemiah,12,43,Nehemiah 12:43,2,ܒܝܘܡܐ,,,,Peshitta,PESH
16,Nehemiah,12,43,Nehemiah 12:43,3,ܗ̇ܘ,,,,Peshitta,PESH
16,Nehemiah,12,43,Nehemiah 12:43,4,ܕܒ̈ܚܐ,,,,Peshitta,PESH
16,Nehemiah,12,43,Nehemiah 12:43,5,ܪ̈ܘܪܒܐ,,,,Peshitta,PESH
16,Nehemiah,12,43,Nehemiah 12:43,6,ܘܚܕܝܘ,,,,Peshitta,PESH
16,Nehemiah,12,43,Nehemiah 12:43,7,ܡܛܠ,,,,Peshitta,PESH
16,Nehemiah,12,43,Nehemiah 12:43,8,ܕܡܪܝܐ,,,,Peshitta,PESH
16,Nehemiah,12,43,Nehemiah 12:43,9,ܚ̇ܕܝ,,,,Peshitta,PESH
16,Nehemiah,12,43,Nehemiah 12:43,10,ܐܢܘܢ,,,,Peshitta,PESH
16,Nehemiah,12,43,Nehemiah 12:43,11,ܚܕܘܬܐ,,,,Peshitta,PESH
16,Nehemiah,12,43,Nehemiah 12:43,12,ܪܒܬܐ,,,,Peshitta,PESH
16,Nehemiah,12,43,Nehemiah 12:43,13,ܘܐܦ,,,,Peshitta,PESH
16,Nehemiah,12,43,Nehemiah 12:43,14,ܢܫ̈ܐ,,,,Peshitta,PESH
16,Nehemiah,12,43,Nehemiah 12:43,15,ܘܛܠܝ̈ܐ,,,,Peshitta,PESH
16,Nehemiah,12,43,Nehemiah 12:43,16,ܚܕܝܘ,,,,Peshitta,PESH
16,Nehemiah,12,43,Nehemiah 12:43,17,ܘܐܫܬܡܥܬ,,,,Peshitta,PESH
16,Nehemiah,12,43,Nehemiah 12:43,18,ܚܕܘܬܐ,,,,Peshitta,PESH
16,Nehemiah,12,43,Nehemiah 12:43,19,ܕܐܘܪܫܠܡ,,,,Peshitta,PESH
16,Nehemiah,12,43,Nehemiah 12:43,20,ܠܪܘܚܩܐ,,,,Peshitta,PESH
16,Nehemiah,12,44,Nehemiah 12:44,1,ܘܐܫܠܛܘ,,,,Peshitta,PESH
16,Nehemiah,12,44,Nehemiah 12:44,2,ܒܝܘܡܐ,,,,Peshitta,PESH
16,Nehemiah,12,44,Nehemiah 12:44,3,ܗ̇ܘ,,,,Peshitta,PESH
16,Nehemiah,12,44,Nehemiah 12:44,4,ܓܒܪ̈ܐ,,,,Peshitta,PESH
16,Nehemiah,12,44,Nehemiah 12:44,5,ܐܝܠܝܢ,,,,Peshitta,PESH
16,Nehemiah,12,44,Nehemiah 12:44,6,ܕܝܗܒܝܢ,,,,Peshitta,PESH
16,Nehemiah,12,44,Nehemiah 12:44,7,ܗܘܘ,,,,Peshitta,PESH
16,Nehemiah,12,44,Nehemiah 12:44,8,ܡܢ,,,,Peshitta,PESH
16,Nehemiah,12,44,Nehemiah 12:44,9,ܐܘܨܪ̈ܐ,,,,Peshitta,PESH
16,Nehemiah,12,44,Nehemiah 12:44,10,ܠܡܠܟܐ,,,,Peshitta,PESH
16,Nehemiah,12,44,Nehemiah 12:44,11,ܒ̈ܬܐ,,,,Peshitta,PESH
16,Nehemiah,12,44,Nehemiah 12:44,12,ܠܡܩܦܣܘ,,,,Peshitta,PESH
16,Nehemiah,12,44,Nehemiah 12:44,13,ܒܗܘܢ,,,,Peshitta,PESH
16,Nehemiah,12,44,Nehemiah 12:44,14,ܪ̈ܫܝܬܐ,,,,Peshitta,PESH
16,Nehemiah,12,44,Nehemiah 12:44,15,ܘܡܥܣܪ̈ܐ,,,,Peshitta,PESH
16,Nehemiah,12,44,Nehemiah 12:44,16,ܕܪ̈ܫܐ,,,,Peshitta,PESH
16,Nehemiah,12,44,Nehemiah 12:44,17,ܕܩܘܪ̈ܝܐ,,,,Peshitta,PESH
16,Nehemiah,12,44,Nehemiah 12:44,18,ܐܝܟ,,,,Peshitta,PESH
16,Nehemiah,12,44,Nehemiah 12:44,19,ܕܟܬܝܒ,,,,Peshitta,PESH
16,Nehemiah,12,44,Nehemiah 12:44,20,ܒܟܬܒܐ,,,,Peshitta,PESH
16,Nehemiah,12,44,Nehemiah 12:44,21,ܕܢܡܘܣܐ,,,,Peshitta,PESH
16,Nehemiah,12,44,Nehemiah 12:44,22,ܠܟܘܡܪ̈ܐ,,,,Peshitta,PESH
16,Nehemiah,12,44,Nehemiah 12:44,23,ܘܠܠܘܝ̈ܐ,,,,Peshitta,PESH
16,Nehemiah,12,44,Nehemiah 12:44,24,ܡܛܠ,,,,Peshitta,PESH
16,Nehemiah,12,44,Nehemiah 12:44,25,ܕܚܕܘܬܐ,,,,Peshitta,PESH
16,Nehemiah,12,44,Nehemiah 12:44,26,ܕܝܗ̈ܘܕܝܐ,,,,Peshitta,PESH
16,Nehemiah,12,44,Nehemiah 12:44,27,ܥܠ,,,,Peshitta,PESH
16,Nehemiah,12,44,Nehemiah 12:44,28,ܟܘܡܪ̈ܐ,,,,Peshitta,PESH
16,Nehemiah,12,44,Nehemiah 12:44,29,ܘܠܘܝ̈ܐ,,,,Peshitta,PESH
16,Nehemiah,12,44,Nehemiah 12:44,30,ܐܝܠܝܢ,,,,Peshitta,PESH
16,Nehemiah,12,44,Nehemiah 12:44,31,ܕܩܝܡܝܢ,,,,Peshitta,PESH
16,Nehemiah,12,45,Nehemiah 12:45,1,ܘܢܛܪܝܢ,,,,Peshitta,PESH
16,Nehemiah,12,45,Nehemiah 12:45,2,ܡܛܪܬܐ,,,,Peshitta,PESH
16,Nehemiah,12,45,Nehemiah 12:45,3,ܒܒܝܬܐ,,,,Peshitta,PESH
16,Nehemiah,12,45,Nehemiah 12:45,4,ܕܐܠܗܗܘܢ,,,,Peshitta,PESH
16,Nehemiah,12,45,Nehemiah 12:45,5,ܘܢܛܪ̈ܝ,,,,Peshitta,PESH
16,Nehemiah,12,45,Nehemiah 12:45,6,ܢܛܘܪ̈ܬܐ,,,,Peshitta,PESH
16,Nehemiah,12,45,Nehemiah 12:45,7,ܕܟܝܐܝܬ,,,,Peshitta,PESH
16,Nehemiah,12,45,Nehemiah 12:45,8,ܘܡܫܡ̈ܫܢܐ,,,,Peshitta,PESH
16,Nehemiah,12,45,Nehemiah 12:45,9,ܘܬ̇ܪ̈ܥܐ,,,,Peshitta,PESH
16,Nehemiah,12,45,Nehemiah 12:45,10,ܐܝܟ,,,,Peshitta,PESH
16,Nehemiah,12,45,Nehemiah 12:45,11,ܦܘܩܕܢܐ,,,,Peshitta,PESH
16,Nehemiah,12,45,Nehemiah 12:45,12,ܕܕܘܝܕ,,,,Peshitta,PESH
16,Nehemiah,12,45,Nehemiah 12:45,13,ܘܕܫܠܝܡܘܢ,,,,Peshitta,PESH
16,Nehemiah,12,45,Nehemiah 12:45,14,ܒܪܗ,,,,Peshitta,PESH
16,Nehemiah,12,46,Nehemiah 12:46,1,ܡܛܠ,,,,Peshitta,PESH
16,Nehemiah,12,46,Nehemiah 12:46,2,ܕܒܝܘܡ̈ܬܗ,,,,Peshitta,PESH
16,Nehemiah,12,46,Nehemiah 12:46,3,ܕܕܘܝܕ,,,,Peshitta,PESH
16,Nehemiah,12,46,Nehemiah 12:46,4,ܗ̣ܘܐ,,,,Peshitta,PESH
16,Nehemiah,12,46,Nehemiah 12:46,5,ܐܣܦ,,,,Peshitta,PESH
16,Nehemiah,12,46,Nehemiah 12:46,6,ܘܩܡ,,,,Peshitta,PESH
16,Nehemiah,12,46,Nehemiah 12:46,7,ܒܪܫܐ,,,,Peshitta,PESH
16,Nehemiah,12,46,Nehemiah 12:46,8,ܕܡܫܡ̈ܫܢܐ,,,,Peshitta,PESH
16,Nehemiah,12,46,Nehemiah 12:46,9,ܘܡܫܒܚ,,,,Peshitta,PESH
16,Nehemiah,12,46,Nehemiah 12:46,10,ܗܘܐ,,,,Peshitta,PESH
16,Nehemiah,12,46,Nehemiah 12:46,11,ܘܡܘܕܐ,,,,Peshitta,PESH
16,Nehemiah,12,46,Nehemiah 12:46,12,ܩܕܡ,,,,Peshitta,PESH
16,Nehemiah,12,46,Nehemiah 12:46,13,ܡܪܝܐ,,,,Peshitta,PESH
16,Nehemiah,12,46,Nehemiah 12:46,14,ܐܠܗܐ,,,,Peshitta,PESH
16,Nehemiah,12,47,Nehemiah 12:47,1,ܘܟܘܠܗ,,,,Peshitta,PESH
16,Nehemiah,12,47,Nehemiah 12:47,2,ܐܝܣܪܐܝܠ,,,,Peshitta,PESH
16,Nehemiah,12,47,Nehemiah 12:47,3,ܒܝܘܡ̈ܘܗܝ,,,,Peshitta,PESH
16,Nehemiah,12,47,Nehemiah 12:47,4,ܕܙܘܪܒܒܠ,,,,Peshitta,PESH
16,Nehemiah,12,47,Nehemiah 12:47,5,ܘܒܝܘܡ̈ܬܗ,,,,Peshitta,PESH
16,Nehemiah,12,47,Nehemiah 12:47,6,ܕܢܚܡܝܐ,,,,Peshitta,PESH
16,Nehemiah,12,47,Nehemiah 12:47,7,ܝܗܒܝܢ,,,,Peshitta,PESH
16,Nehemiah,12,47,Nehemiah 12:47,8,ܡܘܗܒ̈ܬܐ,,,,Peshitta,PESH
16,Nehemiah,12,47,Nehemiah 12:47,9,ܠܡܫܡ̈ܫܢܐ,,,,Peshitta,PESH
16,Nehemiah,12,47,Nehemiah 12:47,10,ܘܬ̇ܪ̈ܥܐ,,,,Peshitta,PESH
16,Nehemiah,12,47,Nehemiah 12:47,11,ܡܦܩܝܢ,,,,Peshitta,PESH
16,Nehemiah,12,47,Nehemiah 12:47,12,ܘܝܗܒܝܢ,,,,Peshitta,PESH
16,Nehemiah,12,47,Nehemiah 12:47,13,ܝܘܡ,,,,Peshitta,PESH
16,Nehemiah,12,47,Nehemiah 12:47,14,ܒܝܘܡܗ,,,,Peshitta,PESH
16,Nehemiah,12,47,Nehemiah 12:47,15,ܘܡܩܕܫܝܢ,,,,Peshitta,PESH
16,Nehemiah,12,47,Nehemiah 12:47,16,ܠܠܘܝ̈ܐ,,,,Peshitta,PESH
16,Nehemiah,12,47,Nehemiah 12:47,17,ܘܠܘܝ̈ܐ,,,,Peshitta,PESH
16,Nehemiah,12,47,Nehemiah 12:47,18,ܡܩܕܫܝܢ,,,,Peshitta,PESH
16,Nehemiah,12,47,Nehemiah 12:47,19,ܠܒܢ̈ܝ,,,,Peshitta,PESH
16,Nehemiah,12,47,Nehemiah 12:47,20,ܐܗܪܘܢ,,,,Peshitta,PESH
16,Nehemiah,13,1,Nehemiah 13:1,1,ܒܗ,,,,Peshitta,PESH
16,Nehemiah,13,1,Nehemiah 13:1,2,ܒܝܘܡܐ,,,,Peshitta,PESH
16,Nehemiah,13,1,Nehemiah 13:1,3,ܗ̇ܘ,,,,Peshitta,PESH
16,Nehemiah,13,1,Nehemiah 13:1,4,ܐܬܩܪܝ,,,,Peshitta,PESH
16,Nehemiah,13,1,Nehemiah 13:1,5,ܟܬܒܐ,,,,Peshitta,PESH
16,Nehemiah,13,1,Nehemiah 13:1,6,ܕܢܡܘܣܐ,,,,Peshitta,PESH
16,Nehemiah,13,1,Nehemiah 13:1,7,ܕܡܘܫܐ,,,,Peshitta,PESH
16,Nehemiah,13,1,Nehemiah 13:1,8,ܒܐܕܢܝ̈,,,,Peshitta,PESH
16,Nehemiah,13,1,Nehemiah 13:1,9,ܥܡܐ,,,,Peshitta,PESH
16,Nehemiah,13,1,Nehemiah 13:1,10,ܘܐܫܬܟܚ,,,,Peshitta,PESH
16,Nehemiah,13,1,Nehemiah 13:1,11,ܕܟܬܝܒ,,,,Peshitta,PESH
16,Nehemiah,13,1,Nehemiah 13:1,12,ܒܗ,,,,Peshitta,PESH
16,Nehemiah,13,1,Nehemiah 13:1,13,ܕܠܐ,,,,Peshitta,PESH
16,Nehemiah,13,1,Nehemiah 13:1,14,ܢܥܠܘܢ,,,,Peshitta,PESH
16,Nehemiah,13,1,Nehemiah 13:1,15,ܥܡܘܢܝ̈ܐ,,,,Peshitta,PESH
16,Nehemiah,13,1,Nehemiah 13:1,16,ܘܡܘܐܒܝ̈ܐ,,,,Peshitta,PESH
16,Nehemiah,13,1,Nehemiah 13:1,17,ܠܟܢܘܫܬܗ,,,,Peshitta,PESH
16,Nehemiah,13,1,Nehemiah 13:1,18,ܕܡܪܝܐ,,,,Peshitta,PESH
16,Nehemiah,13,1,Nehemiah 13:1,19,ܥܕܡܐ,,,,Peshitta,PESH
16,Nehemiah,13,1,Nehemiah 13:1,20,ܠܥܠܡ,,,,Peshitta,PESH
16,Nehemiah,13,2,Nehemiah 13:2,1,ܡܛܠ,,,,Peshitta,PESH
16,Nehemiah,13,2,Nehemiah 13:2,2,ܕܠܐ,,,,Peshitta,PESH
16,Nehemiah,13,2,Nehemiah 13:2,3,ܐܪܥܘ,,,,Peshitta,PESH
16,Nehemiah,13,2,Nehemiah 13:2,4,ܠܒܢ̈ܝ,,,,Peshitta,PESH
16,Nehemiah,13,2,Nehemiah 13:2,5,ܐܝܣܪܝܠ,,,,Peshitta,PESH
16,Nehemiah,13,2,Nehemiah 13:2,6,ܒܠܚܡܐ,,,,Peshitta,PESH
16,Nehemiah,13,2,Nehemiah 13:2,7,ܘܒܡܝ̈ܐ,,,,Peshitta,PESH
16,Nehemiah,13,2,Nehemiah 13:2,8,ܘܐܓܪܘ,,,,Peshitta,PESH
16,Nehemiah,13,2,Nehemiah 13:2,9,ܠܗܘܢ,,,,Peshitta,PESH
16,Nehemiah,13,2,Nehemiah 13:2,10,ܠܒܠܥܡ,,,,Peshitta,PESH
16,Nehemiah,13,2,Nehemiah 13:2,11,ܠܡܠܛ,,,,Peshitta,PESH
16,Nehemiah,13,2,Nehemiah 13:2,12,ܐܢܘܢ,,,,Peshitta,PESH
16,Nehemiah,13,2,Nehemiah 13:2,13,ܘܐܗܦܟ,,,,Peshitta,PESH
16,Nehemiah,13,2,Nehemiah 13:2,14,ܐܠܗܢ,,,,Peshitta,PESH
16,Nehemiah,13,2,Nehemiah 13:2,15,ܠܘ̈ܛܬܗ,,,,Peshitta,PESH
16,Nehemiah,13,2,Nehemiah 13:2,16,ܠܒܘܪ̈ܟܬܐ,,,,Peshitta,PESH
16,Nehemiah,13,3,Nehemiah 13:3,1,ܗܝܕܝܢ,,,,Peshitta,PESH
16,Nehemiah,13,3,Nehemiah 13:3,2,ܟܕ,,,,Peshitta,PESH
16,Nehemiah,13,3,Nehemiah 13:3,3,ܫܡܥܘ,,,,Peshitta,PESH
16,Nehemiah,13,3,Nehemiah 13:3,4,ܡ̈ܠܐ,,,,Peshitta,PESH
16,Nehemiah,13,3,Nehemiah 13:3,5,ܕܢܡܘܣܐ,,,,Peshitta,PESH
16,Nehemiah,13,3,Nehemiah 13:3,6,ܐܬܦܪܫܘ,,,,Peshitta,PESH
16,Nehemiah,13,3,Nehemiah 13:3,7,ܟܠܗܘܢ,,,,Peshitta,PESH
16,Nehemiah,13,3,Nehemiah 13:3,8,ܥܪ̈ܘܒܐ,,,,Peshitta,PESH
16,Nehemiah,13,3,Nehemiah 13:3,9,ܡܢ,,,,Peshitta,PESH
16,Nehemiah,13,3,Nehemiah 13:3,10,ܐܝܣܪܐܝܠ,,,,Peshitta,PESH
16,Nehemiah,13,4,Nehemiah 13:4,1,ܘܐ̣ܬܐ,,,,Peshitta,PESH
16,Nehemiah,13,4,Nehemiah 13:4,2,ܐܠܝܫܒ,,,,Peshitta,PESH
16,Nehemiah,13,4,Nehemiah 13:4,3,ܟܘܡܪܐ,,,,Peshitta,PESH
16,Nehemiah,13,5,Nehemiah 13:5,1,ܘܒ̣ܢܐ,,,,Peshitta,PESH
16,Nehemiah,13,5,Nehemiah 13:5,2,ܠܗ,,,,Peshitta,PESH
16,Nehemiah,13,5,Nehemiah 13:5,3,ܬܡܢ,,,,Peshitta,PESH
16,Nehemiah,13,5,Nehemiah 13:5,4,ܕܪܬܐ,,,,Peshitta,PESH
16,Nehemiah,13,5,Nehemiah 13:5,5,ܚܕܐ,,,,Peshitta,PESH
16,Nehemiah,13,5,Nehemiah 13:5,6,ܪܒܬܐ,,,,Peshitta,PESH
16,Nehemiah,13,5,Nehemiah 13:5,7,ܘܬܡܢ,,,,Peshitta,PESH
16,Nehemiah,13,5,Nehemiah 13:5,8,ܡܢ,,,,Peshitta,PESH
16,Nehemiah,13,5,Nehemiah 13:5,9,ܠܩܘܕܡܝܢ,,,,Peshitta,PESH
16,Nehemiah,13,5,Nehemiah 13:5,10,ܣܝܡܝܢ,,,,Peshitta,PESH
16,Nehemiah,13,5,Nehemiah 13:5,11,ܗܘܘ,,,,Peshitta,PESH
16,Nehemiah,13,5,Nehemiah 13:5,12,ܩܘܪ̈ܒܢܐ,,,,Peshitta,PESH
16,Nehemiah,13,5,Nehemiah 13:5,13,ܘܠܒܘܢܬܐ,,,,Peshitta,PESH
16,Nehemiah,13,5,Nehemiah 13:5,14,ܘܡܐܢ̈ܐ,,,,Peshitta,PESH
16,Nehemiah,13,5,Nehemiah 13:5,15,ܕܡܥܣܪ̈ܐ,,,,Peshitta,PESH
16,Nehemiah,13,5,Nehemiah 13:5,16,ܕܥܒܘܪܐ,,,,Peshitta,PESH
16,Nehemiah,13,5,Nehemiah 13:5,17,ܘܕܚܡ̣ܪܐ,,,,Peshitta,PESH
16,Nehemiah,13,5,Nehemiah 13:5,18,ܘܕܡܫܚܐ,,,,Peshitta,PESH
16,Nehemiah,13,5,Nehemiah 13:5,19,ܘܒܩܘܪ̈ܝܐ,,,,Peshitta,PESH
16,Nehemiah,13,5,Nehemiah 13:5,20,ܕܠܘܝ̈ܐ,,,,Peshitta,PESH
16,Nehemiah,13,5,Nehemiah 13:5,21,ܘܕܡܫܡ̈ܫܢܐ,,,,Peshitta,PESH
16,Nehemiah,13,5,Nehemiah 13:5,22,ܘܕܬ̇ܪ̈ܥܐ,,,,Peshitta,PESH
16,Nehemiah,13,5,Nehemiah 13:5,23,ܘܪ̈ܝܫܝܬܐ,,,,Peshitta,PESH
16,Nehemiah,13,5,Nehemiah 13:5,24,ܕܟܗ̈ܢܐ,,,,Peshitta,PESH
16,Nehemiah,13,6,Nehemiah 13:6,1,ܘܒܟܠܗܝܢ,,,,Peshitta,PESH
16,Nehemiah,13,6,Nehemiah 13:6,2,ܗܠܝܢ,,,,Peshitta,PESH
16,Nehemiah,13,6,Nehemiah 13:6,3,ܠܐ,,,,Peshitta,PESH
16,Nehemiah,13,6,Nehemiah 13:6,4,ܗܘܝ̇ܬ,,,,Peshitta,PESH
16,Nehemiah,13,6,Nehemiah 13:6,5,ܒܐܘܪܫܠܡ,,,,Peshitta,PESH
16,Nehemiah,13,6,Nehemiah 13:6,6,ܡܛܠ,,,,Peshitta,PESH
16,Nehemiah,13,6,Nehemiah 13:6,7,ܕܒܫܢܬ,,,,Peshitta,PESH
16,Nehemiah,13,6,Nehemiah 13:6,8,ܬܠܬܝܢ,,,,Peshitta,PESH
16,Nehemiah,13,6,Nehemiah 13:6,9,ܘܬܪ̈ܬܝܢ,,,,Peshitta,PESH
16,Nehemiah,13,6,Nehemiah 13:6,10,ܠܐܪܛܚܫܫܬ,,,,Peshitta,PESH
16,Nehemiah,13,6,Nehemiah 13:6,11,ܡܠܟܐ,,,,Peshitta,PESH
16,Nehemiah,13,6,Nehemiah 13:6,12,ܕܒܒܠ,,,,Peshitta,PESH
16,Nehemiah,13,6,Nehemiah 13:6,13,ܐܬܝ̇ܬ,,,,Peshitta,PESH
16,Nehemiah,13,6,Nehemiah 13:6,14,ܠܘܬ,,,,Peshitta,PESH
16,Nehemiah,13,6,Nehemiah 13:6,15,ܡܠܟܐ,,,,Peshitta,PESH
16,Nehemiah,13,6,Nehemiah 13:6,16,ܘܒܚܪܬܐ,,,,Peshitta,PESH
16,Nehemiah,13,6,Nehemiah 13:6,17,ܕܝܘܡ̈ܬܐ,,,,Peshitta,PESH
16,Nehemiah,13,6,Nehemiah 13:6,18,ܐܫܬܐܠܬ̇,,,,Peshitta,PESH
16,Nehemiah,13,6,Nehemiah 13:6,19,ܡܢ,,,,Peshitta,PESH
16,Nehemiah,13,6,Nehemiah 13:6,20,ܡܠܟܐ,,,,Peshitta,PESH
16,Nehemiah,13,7,Nehemiah 13:7,1,ܘܐܬܝ̇ܬ,,,,Peshitta,PESH
16,Nehemiah,13,7,Nehemiah 13:7,2,ܠܐܘܪܫܠܡ,,,,Peshitta,PESH
16,Nehemiah,13,7,Nehemiah 13:7,3,ܘܐܣ̇ܬܟܠܬ,,,,Peshitta,PESH
16,Nehemiah,13,7,Nehemiah 13:7,4,ܒܝܫܬܐ,,,,Peshitta,PESH
16,Nehemiah,13,7,Nehemiah 13:7,5,ܕܥ̣ܒܕ,,,,Peshitta,PESH
16,Nehemiah,13,7,Nehemiah 13:7,6,ܐܠܝܫܒ,,,,Peshitta,PESH
16,Nehemiah,13,7,Nehemiah 13:7,7,ܠܛܘܒܝܐ,,,,Peshitta,PESH
16,Nehemiah,13,7,Nehemiah 13:7,8,ܕܥ̣ܒܕ,,,,Peshitta,PESH
16,Nehemiah,13,7,Nehemiah 13:7,9,ܠܗ,,,,Peshitta,PESH
16,Nehemiah,13,7,Nehemiah 13:7,10,ܒܝܬܐ,,,,Peshitta,PESH
16,Nehemiah,13,7,Nehemiah 13:7,11,ܒܕܪܬܐ,,,,Peshitta,PESH
16,Nehemiah,13,7,Nehemiah 13:7,12,ܕܡܪܝܐ,,,,Peshitta,PESH
16,Nehemiah,13,8,Nehemiah 13:8,1,ܘܐܬܐܒܫ,,,,Peshitta,PESH
16,Nehemiah,13,8,Nehemiah 13:8,2,ܠܝ,,,,Peshitta,PESH
16,Nehemiah,13,8,Nehemiah 13:8,3,ܛܒ,,,,Peshitta,PESH
16,Nehemiah,13,8,Nehemiah 13:8,4,ܘܫ̇ܕܝܬ,,,,Peshitta,PESH
16,Nehemiah,13,8,Nehemiah 13:8,5,ܟܠܗܘܢ,,,,Peshitta,PESH
16,Nehemiah,13,8,Nehemiah 13:8,6,ܡܐܢ̈ܐ,,,,Peshitta,PESH
16,Nehemiah,13,8,Nehemiah 13:8,7,ܕܒܝܬܗ,,,,Peshitta,PESH
16,Nehemiah,13,8,Nehemiah 13:8,8,ܕܛܘܒܝܐ,,,,Peshitta,PESH
16,Nehemiah,13,8,Nehemiah 13:8,9,ܒܫܘܩܐ,,,,Peshitta,PESH
16,Nehemiah,13,8,Nehemiah 13:8,10,ܠܒܪ,,,,Peshitta,PESH
16,Nehemiah,13,8,Nehemiah 13:8,11,ܡܢ,,,,Peshitta,PESH
16,Nehemiah,13,8,Nehemiah 13:8,12,ܕܪܬܐ,,,,Peshitta,PESH
16,Nehemiah,13,9,Nehemiah 13:9,1,ܘܐܡܪܬ̇,,,,Peshitta,PESH
16,Nehemiah,13,9,Nehemiah 13:9,2,ܘܕܟܝܘ,,,,Peshitta,PESH
16,Nehemiah,13,9,Nehemiah 13:9,3,ܕܪܬܐ,,,,Peshitta,PESH
16,Nehemiah,13,9,Nehemiah 13:9,4,ܘܐܗܦܟܬ̇,,,,Peshitta,PESH
16,Nehemiah,13,9,Nehemiah 13:9,5,ܠܬܡܢ,,,,Peshitta,PESH
16,Nehemiah,13,9,Nehemiah 13:9,6,ܡܐܢ̈ܝ,,,,Peshitta,PESH
16,Nehemiah,13,9,Nehemiah 13:9,7,ܒܝܬܗ,,,,Peshitta,PESH
16,Nehemiah,13,9,Nehemiah 13:9,8,ܕܡܪܝܐ,,,,Peshitta,PESH
16,Nehemiah,13,9,Nehemiah 13:9,9,ܘܩܘܪ̈ܒܢܐ,,,,Peshitta,PESH
16,Nehemiah,13,9,Nehemiah 13:9,10,ܘܠܒܘܢܬܐ,,,,Peshitta,PESH
16,Nehemiah,13,10,Nehemiah 13:10,1,ܘܝܕܥܬ̇,,,,Peshitta,PESH
16,Nehemiah,13,10,Nehemiah 13:10,2,ܕܡܢܬܐ,,,,Peshitta,PESH
16,Nehemiah,13,10,Nehemiah 13:10,3,ܕܠܘܝ̈ܐ,,,,Peshitta,PESH
16,Nehemiah,13,10,Nehemiah 13:10,4,ܠܐ,,,,Peshitta,PESH
16,Nehemiah,13,10,Nehemiah 13:10,5,ܡܬܝܗܒܐ,,,,Peshitta,PESH
16,Nehemiah,13,10,Nehemiah 13:10,6,ܘܥܪܩܘ,,,,Peshitta,PESH
16,Nehemiah,13,10,Nehemiah 13:10,7,ܓܒܪ,,,,Peshitta,PESH
16,Nehemiah,13,10,Nehemiah 13:10,8,ܠܚܩܠܗ,,,,Peshitta,PESH
16,Nehemiah,13,10,Nehemiah 13:10,9,ܠܘܝ̈ܐ,,,,Peshitta,PESH
16,Nehemiah,13,10,Nehemiah 13:10,10,ܘܡܫܡ̈ܫܢܐ,,,,Peshitta,PESH
16,Nehemiah,13,10,Nehemiah 13:10,11,ܘܥܒ̈ܕܝ,,,,Peshitta,PESH
16,Nehemiah,13,10,Nehemiah 13:10,12,ܥܒܝ̈ܕܬܐ,,,,Peshitta,PESH
16,Nehemiah,13,11,Nehemiah 13:11,1,ܘܐܢܐ,,,,Peshitta,PESH
16,Nehemiah,13,11,Nehemiah 13:11,2,ܕܢܬ̇,,,,Peshitta,PESH
16,Nehemiah,13,11,Nehemiah 13:11,3,ܥܡ,,,,Peshitta,PESH
16,Nehemiah,13,11,Nehemiah 13:11,4,ܪ̈ܫܐ,,,,Peshitta,PESH
16,Nehemiah,13,11,Nehemiah 13:11,5,ܘܐܡܪܬ̇,,,,Peshitta,PESH
16,Nehemiah,13,11,Nehemiah 13:11,6,ܠܗܘܢ,,,,Peshitta,PESH
16,Nehemiah,13,11,Nehemiah 13:11,7,ܡܛܠ,,,,Peshitta,PESH
16,Nehemiah,13,11,Nehemiah 13:11,8,ܡܢܐ,,,,Peshitta,PESH
16,Nehemiah,13,11,Nehemiah 13:11,9,ܫܒܝܩ,,,,Peshitta,PESH
16,Nehemiah,13,11,Nehemiah 13:11,10,ܒܝܬܗ,,,,Peshitta,PESH
16,Nehemiah,13,11,Nehemiah 13:11,11,ܕܡܪܝܐ,,,,Peshitta,PESH
16,Nehemiah,13,11,Nehemiah 13:11,12,ܘܟܢܫ̇ܬ,,,,Peshitta,PESH
16,Nehemiah,13,11,Nehemiah 13:11,13,ܐܢܘܢ,,,,Peshitta,PESH
16,Nehemiah,13,11,Nehemiah 13:11,14,ܘܐܩܝܡ̇ܬ,,,,Peshitta,PESH
16,Nehemiah,13,11,Nehemiah 13:11,15,ܐܢܘܢ,,,,Peshitta,PESH
16,Nehemiah,13,11,Nehemiah 13:11,16,ܥܠ,,,,Peshitta,PESH
16,Nehemiah,13,11,Nehemiah 13:11,17,ܩܝܡܗܘܢ,,,,Peshitta,PESH
16,Nehemiah,13,12,Nehemiah 13:12,1,ܘܟܠܗܘܢ,,,,Peshitta,PESH
16,Nehemiah,13,12,Nehemiah 13:12,2,ܝܗܘ̈ܕܝܐ,,,,Peshitta,PESH
16,Nehemiah,13,12,Nehemiah 13:12,3,ܐܝܬܝܘ,,,,Peshitta,PESH
16,Nehemiah,13,12,Nehemiah 13:12,4,ܡܥܣܪ̈ܐ,,,,Peshitta,PESH
16,Nehemiah,13,12,Nehemiah 13:12,5,ܕܥܒܘܪܐ,,,,Peshitta,PESH
16,Nehemiah,13,12,Nehemiah 13:12,6,ܘܕܚܡ̣ܪܐ,,,,Peshitta,PESH
16,Nehemiah,13,12,Nehemiah 13:12,7,ܘܕܡܫܚܐ,,,,Peshitta,PESH
16,Nehemiah,13,12,Nehemiah 13:12,8,ܠܐܘܨܪ̈ܐ,,,,Peshitta,PESH
16,Nehemiah,13,13,Nehemiah 13:13,1,ܘܐܫܠܛܬ̇,,,,Peshitta,PESH
16,Nehemiah,13,13,Nehemiah 13:13,2,ܥܠ,,,,Peshitta,PESH
16,Nehemiah,13,13,Nehemiah 13:13,3,ܐܘܨܪ̈ܐ,,,,Peshitta,PESH
16,Nehemiah,13,13,Nehemiah 13:13,4,ܠܫܠܡܝܐ,,,,Peshitta,PESH
16,Nehemiah,13,13,Nehemiah 13:13,5,ܟܘܡܪܐ,,,,Peshitta,PESH
16,Nehemiah,13,13,Nehemiah 13:13,6,ܘܠܨܕܘܩ,,,,Peshitta,PESH
16,Nehemiah,13,13,Nehemiah 13:13,7,ܣ̇ܦܪܐ,,,,Peshitta,PESH
16,Nehemiah,13,13,Nehemiah 13:13,8,ܘܠܦܪܝܐ,,,,Peshitta,PESH
16,Nehemiah,13,13,Nehemiah 13:13,9,ܒܪ,,,,Peshitta,PESH
16,Nehemiah,13,13,Nehemiah 13:13,10,ܠܘܝ̈ܐ,,,,Peshitta,PESH
16,Nehemiah,13,13,Nehemiah 13:13,11,ܘܥܡܗܘܢ,,,,Peshitta,PESH
16,Nehemiah,13,13,Nehemiah 13:13,12,ܚܢܢ,,,,Peshitta,PESH
16,Nehemiah,13,13,Nehemiah 13:13,13,ܒܪ,,,,Peshitta,PESH
16,Nehemiah,13,13,Nehemiah 13:13,14,ܙܟܘܪ,,,,Peshitta,PESH
16,Nehemiah,13,13,Nehemiah 13:13,15,ܒܪ,,,,Peshitta,PESH
16,Nehemiah,13,13,Nehemiah 13:13,16,ܡܬܢܝܐ,,,,Peshitta,PESH
16,Nehemiah,13,13,Nehemiah 13:13,17,ܡܛܠ,,,,Peshitta,PESH
16,Nehemiah,13,13,Nehemiah 13:13,18,ܕܫܪ̈ܝܪܐ,,,,Peshitta,PESH
16,Nehemiah,13,13,Nehemiah 13:13,19,ܐܬܚܫܒܘ,,,,Peshitta,PESH
16,Nehemiah,13,13,Nehemiah 13:13,20,ܘܦܨܬܗܘܢ,,,,Peshitta,PESH
16,Nehemiah,13,13,Nehemiah 13:13,21,ܣܠܩܬ,,,,Peshitta,PESH
16,Nehemiah,13,13,Nehemiah 13:13,22,ܠܡܗܘܐ,,,,Peshitta,PESH
16,Nehemiah,13,13,Nehemiah 13:13,23,ܪܝܫܐ,,,,Peshitta,PESH
16,Nehemiah,13,13,Nehemiah 13:13,24,ܠܐܚܝ̈ܗܘܢ,,,,Peshitta,PESH
16,Nehemiah,13,14,Nehemiah 13:14,1,ܐܬܕܟܪ,,,,Peshitta,PESH
16,Nehemiah,13,14,Nehemiah 13:14,2,ܠܝ,,,,Peshitta,PESH
16,Nehemiah,13,14,Nehemiah 13:14,3,ܐܠܗܝ,,,,Peshitta,PESH
16,Nehemiah,13,14,Nehemiah 13:14,4,ܡܛܠ,,,,Peshitta,PESH
16,Nehemiah,13,14,Nehemiah 13:14,5,ܗܕܐ,,,,Peshitta,PESH
16,Nehemiah,13,14,Nehemiah 13:14,6,ܘܠܐ,,,,Peshitta,PESH
16,Nehemiah,13,14,Nehemiah 13:14,7,ܬܥܒܪ,,,,Peshitta,PESH
16,Nehemiah,13,14,Nehemiah 13:14,8,ܛܝܒܘܬܝ,,,,Peshitta,PESH
16,Nehemiah,13,14,Nehemiah 13:14,9,ܕܥܒܕܬ,,,,Peshitta,PESH
16,Nehemiah,13,14,Nehemiah 13:14,10,ܒܒܝܬ,,,,Peshitta,PESH
16,Nehemiah,13,14,Nehemiah 13:14,11,ܐܠܗܝ,,,,Peshitta,PESH
16,Nehemiah,13,14,Nehemiah 13:14,12,ܘܒܢܛܘܪ̈ܬܗ,,,,Peshitta,PESH
16,Nehemiah,13,15,Nehemiah 13:15,1,ܒܝܘܡ̈ܬܐ,,,,Peshitta,PESH
16,Nehemiah,13,15,Nehemiah 13:15,2,ܗ̇ܢܘܢ,,,,Peshitta,PESH
16,Nehemiah,13,15,Nehemiah 13:15,3,ܚܙܝ̇ܬ,,,,Peshitta,PESH
16,Nehemiah,13,15,Nehemiah 13:15,4,ܒܝܗܘܕ,,,,Peshitta,PESH
16,Nehemiah,13,15,Nehemiah 13:15,5,ܐܘܪ̈ܚܬܐ,,,,Peshitta,PESH
16,Nehemiah,13,15,Nehemiah 13:15,6,ܕܪ̈ܕܝܢ,,,,Peshitta,PESH
16,Nehemiah,13,15,Nehemiah 13:15,7,ܒܫܒܬܐ,,,,Peshitta,PESH
16,Nehemiah,13,15,Nehemiah 13:15,8,ܘܡܝ̈ܬܝܢ,,,,Peshitta,PESH
16,Nehemiah,13,15,Nehemiah 13:15,9,ܛܥ̈ܢܐ,,,,Peshitta,PESH
16,Nehemiah,13,15,Nehemiah 13:15,10,ܫܩܝܠܝܢ,,,,Peshitta,PESH
16,Nehemiah,13,15,Nehemiah 13:15,11,ܥܠ,,,,Peshitta,PESH
16,Nehemiah,13,15,Nehemiah 13:15,12,ܚܡ̇ܪ̈ܐ,,,,Peshitta,PESH
16,Nehemiah,13,15,Nehemiah 13:15,13,ܘܐܦ,,,,Peshitta,PESH
16,Nehemiah,13,15,Nehemiah 13:15,14,ܚܡܪܐ,,,,Peshitta,PESH
16,Nehemiah,13,15,Nehemiah 13:15,15,ܘܥܢ̈ܒܐ,,,,Peshitta,PESH
16,Nehemiah,13,15,Nehemiah 13:15,16,ܘܬܐܢ̈ܐ,,,,Peshitta,PESH
16,Nehemiah,13,15,Nehemiah 13:15,17,ܘܛܥ̈ܢܐ,,,,Peshitta,PESH
16,Nehemiah,13,15,Nehemiah 13:15,18,ܡܥܠܝܢ,,,,Peshitta,PESH
16,Nehemiah,13,15,Nehemiah 13:15,19,ܠܐܘܪܫܠܡ,,,,Peshitta,PESH
16,Nehemiah,13,15,Nehemiah 13:15,20,ܒܝܘܡܐ,,,,Peshitta,PESH
16,Nehemiah,13,15,Nehemiah 13:15,21,ܕܫܒܬܐ,,,,Peshitta,PESH
16,Nehemiah,13,15,Nehemiah 13:15,22,ܘܐܣܗܕܬ̇,,,,Peshitta,PESH
16,Nehemiah,13,15,Nehemiah 13:15,23,ܒܗܘܢ,,,,Peshitta,PESH
16,Nehemiah,13,15,Nehemiah 13:15,24,ܕܠܐ,,,,Peshitta,PESH
16,Nehemiah,13,15,Nehemiah 13:15,25,ܬܙܒܢܘܢ,,,,Peshitta,PESH
16,Nehemiah,13,15,Nehemiah 13:15,26,ܨܝܕܐ,,,,Peshitta,PESH
16,Nehemiah,13,16,Nehemiah 13:16,1,ܘܠܐ,,,,Peshitta,PESH
16,Nehemiah,13,16,Nehemiah 13:16,2,ܬܝܬܘܢ,,,,Peshitta,PESH
16,Nehemiah,13,16,Nehemiah 13:16,3,ܢܘ̈ܢܐ,,,,Peshitta,PESH
16,Nehemiah,13,16,Nehemiah 13:16,4,ܘܠܐ,,,,Peshitta,PESH
16,Nehemiah,13,16,Nehemiah 13:16,5,ܬܙܒܢܘܢ,,,,Peshitta,PESH
16,Nehemiah,13,16,Nehemiah 13:16,6,ܘܠܐ,,,,Peshitta,PESH
16,Nehemiah,13,16,Nehemiah 13:16,7,ܬܙ̇ܒܢܘܢ,,,,Peshitta,PESH
16,Nehemiah,13,16,Nehemiah 13:16,8,ܒܫܒܬܐ,,,,Peshitta,PESH
16,Nehemiah,13,16,Nehemiah 13:16,9,ܠܒܢ̈ܝ,,,,Peshitta,PESH
16,Nehemiah,13,16,Nehemiah 13:16,10,ܝܗܘܕܐ,,,,Peshitta,PESH
16,Nehemiah,13,16,Nehemiah 13:16,11,ܒܐܘܪܫܠܡ,,,,Peshitta,PESH
16,Nehemiah,13,17,Nehemiah 13:17,1,ܘܕܢܬ̇,,,,Peshitta,PESH
16,Nehemiah,13,17,Nehemiah 13:17,2,ܥܡ,,,,Peshitta,PESH
16,Nehemiah,13,17,Nehemiah 13:17,3,ܪ̈ܫܐ,,,,Peshitta,PESH
16,Nehemiah,13,17,Nehemiah 13:17,4,ܕܝܗܘܕܐ,,,,Peshitta,PESH
16,Nehemiah,13,17,Nehemiah 13:17,5,ܘܐܡ̇ܪܬ,,,,Peshitta,PESH
16,Nehemiah,13,17,Nehemiah 13:17,6,ܠܗܘܢ,,,,Peshitta,PESH
16,Nehemiah,13,17,Nehemiah 13:17,7,ܡܛܘܠ,,,,Peshitta,PESH
16,Nehemiah,13,17,Nehemiah 13:17,8,ܡܢܐ,,,,Peshitta,PESH
16,Nehemiah,13,17,Nehemiah 13:17,9,ܦܬܓܡܐ,,,,Peshitta,PESH
16,Nehemiah,13,17,Nehemiah 13:17,10,ܗܢܐ,,,,Peshitta,PESH
16,Nehemiah,13,17,Nehemiah 13:17,11,ܒܝܫܐ,,,,Peshitta,PESH
16,Nehemiah,13,17,Nehemiah 13:17,12,ܥܒܕܝܢ,,,,Peshitta,PESH
16,Nehemiah,13,17,Nehemiah 13:17,13,ܐܢܬܘܢ,,,,Peshitta,PESH
16,Nehemiah,13,17,Nehemiah 13:17,14,ܘܡܚܠܝܢ,,,,Peshitta,PESH
16,Nehemiah,13,17,Nehemiah 13:17,15,ܐܢܬܘܢ,,,,Peshitta,PESH
16,Nehemiah,13,17,Nehemiah 13:17,16,ܝܘܡܐ,,,,Peshitta,PESH
16,Nehemiah,13,17,Nehemiah 13:17,17,ܕܫܒܬܐ,,,,Peshitta,PESH
16,Nehemiah,13,18,Nehemiah 13:18,1,ܗܟܢܐ,,,,Peshitta,PESH
16,Nehemiah,13,18,Nehemiah 13:18,2,ܥܒܕܘ,,,,Peshitta,PESH
16,Nehemiah,13,18,Nehemiah 13:18,3,ܐܒܗܝ̈ܟܘܢ,,,,Peshitta,PESH
16,Nehemiah,13,18,Nehemiah 13:18,4,ܘܐܝܬܝ,,,,Peshitta,PESH
16,Nehemiah,13,18,Nehemiah 13:18,5,ܐܠܗܐ,,,,Peshitta,PESH
16,Nehemiah,13,18,Nehemiah 13:18,6,ܥܠܝܢ,,,,Peshitta,PESH
16,Nehemiah,13,18,Nehemiah 13:18,7,ܟܠܗ̇,,,,Peshitta,PESH
16,Nehemiah,13,18,Nehemiah 13:18,8,ܒܝܫܬܐ,,,,Peshitta,PESH
16,Nehemiah,13,18,Nehemiah 13:18,9,ܗܕܐ,,,,Peshitta,PESH
16,Nehemiah,13,18,Nehemiah 13:18,10,ܥܠ,,,,Peshitta,PESH
16,Nehemiah,13,18,Nehemiah 13:18,11,ܩܪܝܬܐ,,,,Peshitta,PESH
16,Nehemiah,13,18,Nehemiah 13:18,12,ܗܕܐ,,,,Peshitta,PESH
16,Nehemiah,13,18,Nehemiah 13:18,13,ܘܐܢܬܘܢ,,,,Peshitta,PESH
16,Nehemiah,13,18,Nehemiah 13:18,14,ܡܘܣܦܝܢ,,,,Peshitta,PESH
16,Nehemiah,13,18,Nehemiah 13:18,15,ܚܡܬܐ,,,,Peshitta,PESH
16,Nehemiah,13,18,Nehemiah 13:18,16,ܘܪܘܓܙܐ,,,,Peshitta,PESH
16,Nehemiah,13,18,Nehemiah 13:18,17,ܥܠ,,,,Peshitta,PESH
16,Nehemiah,13,18,Nehemiah 13:18,18,ܐܝܣܪܐܝܠ,,,,Peshitta,PESH
16,Nehemiah,13,18,Nehemiah 13:18,19,ܕܐܢܬܘܢ,,,,Peshitta,PESH
16,Nehemiah,13,18,Nehemiah 13:18,20,ܡܚܠܝܢ,,,,Peshitta,PESH
16,Nehemiah,13,18,Nehemiah 13:18,21,ܝܘܡܐ,,,,Peshitta,PESH
16,Nehemiah,13,18,Nehemiah 13:18,22,ܕܫܒܬܐ,,,,Peshitta,PESH
16,Nehemiah,13,19,Nehemiah 13:19,1,ܗܝܕܝܢ,,,,Peshitta,PESH
16,Nehemiah,13,19,Nehemiah 13:19,2,ܟܕ,,,,Peshitta,PESH
16,Nehemiah,13,19,Nehemiah 13:19,3,ܐܬܦܬܚܘ,,,,Peshitta,PESH
16,Nehemiah,13,19,Nehemiah 13:19,4,ܬܪ̈ܥܐ,,,,Peshitta,PESH
16,Nehemiah,13,19,Nehemiah 13:19,5,ܕܐܘܪܫܠܡ,,,,Peshitta,PESH
16,Nehemiah,13,19,Nehemiah 13:19,6,ܩܕܡ,,,,Peshitta,PESH
16,Nehemiah,13,19,Nehemiah 13:19,7,ܫܒܬܐ,,,,Peshitta,PESH
16,Nehemiah,13,19,Nehemiah 13:19,8,ܐܡ̇ܪܬ,,,,Peshitta,PESH
16,Nehemiah,13,19,Nehemiah 13:19,9,ܕܢܬܬܚܕܘܢ,,,,Peshitta,PESH
16,Nehemiah,13,19,Nehemiah 13:19,10,ܬܪ̈ܥܐ,,,,Peshitta,PESH
16,Nehemiah,13,19,Nehemiah 13:19,11,ܘܐܡ̇ܪܬ,,,,Peshitta,PESH
16,Nehemiah,13,19,Nehemiah 13:19,12,ܕܠܐ,,,,Peshitta,PESH
16,Nehemiah,13,19,Nehemiah 13:19,13,ܢܬܦܬܚܘܢ,,,,Peshitta,PESH
16,Nehemiah,13,19,Nehemiah 13:19,14,ܬܪ̈ܥܐ,,,,Peshitta,PESH
16,Nehemiah,13,19,Nehemiah 13:19,15,ܥܕܡܐ,,,,Peshitta,PESH
16,Nehemiah,13,19,Nehemiah 13:19,16,ܠܒܬܪ,,,,Peshitta,PESH
16,Nehemiah,13,19,Nehemiah 13:19,17,ܫܒܬܐ,,,,Peshitta,PESH
16,Nehemiah,13,19,Nehemiah 13:19,18,ܘܡܢ,,,,Peshitta,PESH
16,Nehemiah,13,19,Nehemiah 13:19,19,ܛܠܝ̈ܝ,,,,Peshitta,PESH
16,Nehemiah,13,19,Nehemiah 13:19,20,ܐܩܝܡ̇ܬ,,,,Peshitta,PESH
16,Nehemiah,13,19,Nehemiah 13:19,21,ܥܠ,,,,Peshitta,PESH
16,Nehemiah,13,19,Nehemiah 13:19,22,ܬܪ̈ܥܐ,,,,Peshitta,PESH
16,Nehemiah,13,19,Nehemiah 13:19,23,ܕܠܐ,,,,Peshitta,PESH
16,Nehemiah,13,19,Nehemiah 13:19,24,ܢܥܘܠ,,,,Peshitta,PESH
16,Nehemiah,13,19,Nehemiah 13:19,25,ܛܥܢܐ,,,,Peshitta,PESH
16,Nehemiah,13,19,Nehemiah 13:19,26,ܒܝܘܡܐ,,,,Peshitta,PESH
16,Nehemiah,13,19,Nehemiah 13:19,27,ܕܫܒܬܐ,,,,Peshitta,PESH
16,Nehemiah,13,20,Nehemiah 13:20,1,ܘܒܬܘ,,,,Peshitta,PESH
16,Nehemiah,13,20,Nehemiah 13:20,2,ܬܓܪ̈ܐ,,,,Peshitta,PESH
16,Nehemiah,13,20,Nehemiah 13:20,3,ܘܙܒ̈ܢܝ,,,,Peshitta,PESH
16,Nehemiah,13,20,Nehemiah 13:20,4,ܙܒܢܐ,,,,Peshitta,PESH
16,Nehemiah,13,20,Nehemiah 13:20,5,ܠܒܪ,,,,Peshitta,PESH
16,Nehemiah,13,20,Nehemiah 13:20,6,ܡܢ,,,,Peshitta,PESH
16,Nehemiah,13,20,Nehemiah 13:20,7,ܐܘܪܫܠܡ,,,,Peshitta,PESH
16,Nehemiah,13,20,Nehemiah 13:20,8,ܝܘܡܐ,,,,Peshitta,PESH
16,Nehemiah,13,20,Nehemiah 13:20,9,ܘܬܪܝܢ,,,,Peshitta,PESH
16,Nehemiah,13,21,Nehemiah 13:21,1,ܘܣܗ̇ܕܬ,,,,Peshitta,PESH
16,Nehemiah,13,21,Nehemiah 13:21,2,ܒܗܘܢ,,,,Peshitta,PESH
16,Nehemiah,13,21,Nehemiah 13:21,3,ܘܐܡ̇ܪܬ,,,,Peshitta,PESH
16,Nehemiah,13,21,Nehemiah 13:21,4,ܠܗܘܢ,,,,Peshitta,PESH
16,Nehemiah,13,21,Nehemiah 13:21,5,ܡܛܠ,,,,Peshitta,PESH
16,Nehemiah,13,21,Nehemiah 13:21,6,ܡܢܐ,,,,Peshitta,PESH
16,Nehemiah,13,21,Nehemiah 13:21,7,ܐܢܬܘܢ,,,,Peshitta,PESH
16,Nehemiah,13,21,Nehemiah 13:21,8,ܠܐ,,,,Peshitta,PESH
16,Nehemiah,13,21,Nehemiah 13:21,9,ܥܐܠܝܢ,,,,Peshitta,PESH
16,Nehemiah,13,21,Nehemiah 13:21,10,ܐܢܬܘܢ,,,,Peshitta,PESH
16,Nehemiah,13,21,Nehemiah 13:21,11,ܥܕ,,,,Peshitta,PESH
16,Nehemiah,13,21,Nehemiah 13:21,12,ܩ̇ܝܡ,,,,Peshitta,PESH
16,Nehemiah,13,21,Nehemiah 13:21,13,ܝܘܡܐ,,,,Peshitta,PESH
16,Nehemiah,13,21,Nehemiah 13:21,14,ܒܬܪܥܐ,,,,Peshitta,PESH
16,Nehemiah,13,21,Nehemiah 13:21,15,ܕܫܘܪܐ,,,,Peshitta,PESH
16,Nehemiah,13,21,Nehemiah 13:21,16,ܐܢ,,,,Peshitta,PESH
16,Nehemiah,13,21,Nehemiah 13:21,17,ܬܣܠܘܢ,,,,Peshitta,PESH
16,Nehemiah,13,21,Nehemiah 13:21,18,ܡܠܬܐ,,,,Peshitta,PESH
16,Nehemiah,13,21,Nehemiah 13:21,19,ܗܕܐ,,,,Peshitta,PESH
16,Nehemiah,13,21,Nehemiah 13:21,20,ܐܘܫܛ,,,,Peshitta,PESH
16,Nehemiah,13,21,Nehemiah 13:21,21,ܐܝܕܐ,,,,Peshitta,PESH
16,Nehemiah,13,21,Nehemiah 13:21,22,ܥܠܝܟܘܢ,,,,Peshitta,PESH
16,Nehemiah,13,21,Nehemiah 13:21,23,ܘܡܢܗ,,,,Peshitta,PESH
16,Nehemiah,13,21,Nehemiah 13:21,24,ܡܢ,,,,Peshitta,PESH
16,Nehemiah,13,21,Nehemiah 13:21,25,ܙܒܢܐ,,,,Peshitta,PESH
16,Nehemiah,13,21,Nehemiah 13:21,26,ܗ̇ܘ,,,,Peshitta,PESH
16,Nehemiah,13,21,Nehemiah 13:21,27,ܠܐ,,,,Peshitta,PESH
16,Nehemiah,13,21,Nehemiah 13:21,28,ܥܠܘ,,,,Peshitta,PESH
16,Nehemiah,13,21,Nehemiah 13:21,29,ܒܫܒܬܐ,,,,Peshitta,PESH
16,Nehemiah,13,22,Nehemiah 13:22,1,ܘܐܡ̇ܪܬ,,,,Peshitta,PESH
16,Nehemiah,13,22,Nehemiah 13:22,2,ܠܠܘܝ̈ܐ,,,,Peshitta,PESH
16,Nehemiah,13,22,Nehemiah 13:22,3,ܕܢܗܘܘܢ,,,,Peshitta,PESH
16,Nehemiah,13,22,Nehemiah 13:22,4,ܡܕܟܝܢ,,,,Peshitta,PESH
16,Nehemiah,13,22,Nehemiah 13:22,5,ܘܥܐܠܝܢ,,,,Peshitta,PESH
16,Nehemiah,13,22,Nehemiah 13:22,6,ܢܛܘܪ̈ܐ,,,,Peshitta,PESH
16,Nehemiah,13,22,Nehemiah 13:22,7,ܘܬ̇ܪ̈ܥܐ,,,,Peshitta,PESH
16,Nehemiah,13,22,Nehemiah 13:22,8,ܠܡܩܕܫܘ,,,,Peshitta,PESH
16,Nehemiah,13,22,Nehemiah 13:22,9,ܠܝܘܡܐ,,,,Peshitta,PESH
16,Nehemiah,13,22,Nehemiah 13:22,10,ܕܫܒܬܐ,,,,Peshitta,PESH
16,Nehemiah,13,22,Nehemiah 13:22,11,ܐܦ,,,,Peshitta,PESH
16,Nehemiah,13,22,Nehemiah 13:22,12,ܗܕܐ,,,,Peshitta,PESH
16,Nehemiah,13,22,Nehemiah 13:22,13,ܐܬܕܟܪ,,,,Peshitta,PESH
16,Nehemiah,13,22,Nehemiah 13:22,14,ܠܝ,,,,Peshitta,PESH
16,Nehemiah,13,22,Nehemiah 13:22,15,ܐܠܗܝ,,,,Peshitta,PESH
16,Nehemiah,13,22,Nehemiah 13:22,16,ܘܚܘܣ,,,,Peshitta,PESH
16,Nehemiah,13,22,Nehemiah 13:22,17,ܥܠܝ,,,,Peshitta,PESH
16,Nehemiah,13,22,Nehemiah 13:22,18,ܐܝܟ,,,,Peshitta,PESH
16,Nehemiah,13,22,Nehemiah 13:22,19,ܣܘܓܐܬ,,,,Peshitta,PESH
16,Nehemiah,13,22,Nehemiah 13:22,20,ܪ̈ܚܡܝܟ,,,,Peshitta,PESH
16,Nehemiah,13,23,Nehemiah 13:23,1,ܐܦ,,,,Peshitta,PESH
16,Nehemiah,13,23,Nehemiah 13:23,2,ܒܝܘܡ̈ܬܐ,,,,Peshitta,PESH
16,Nehemiah,13,23,Nehemiah 13:23,3,ܗ̇ܢܘܢ,,,,Peshitta,PESH
16,Nehemiah,13,23,Nehemiah 13:23,4,ܚܙܝ̇ܬ,,,,Peshitta,PESH
16,Nehemiah,13,23,Nehemiah 13:23,5,ܝܗܘܕܝ̈ܐ,,,,Peshitta,PESH
16,Nehemiah,13,23,Nehemiah 13:23,6,ܕܐܘܬܒܘ,,,,Peshitta,PESH
16,Nehemiah,13,23,Nehemiah 13:23,7,ܢܫ̈ܐ,,,,Peshitta,PESH
16,Nehemiah,13,23,Nehemiah 13:23,8,ܢܘܟܪ̈ܝܬܐ,,,,Peshitta,PESH
16,Nehemiah,13,23,Nehemiah 13:23,9,ܐܫܕܘܕܝ̈ܬܐ,,,,Peshitta,PESH
16,Nehemiah,13,23,Nehemiah 13:23,10,ܐܦ,,,,Peshitta,PESH
16,Nehemiah,13,23,Nehemiah 13:23,11,ܥܡܘܢܝ̈ܬܐ,,,,Peshitta,PESH
16,Nehemiah,13,23,Nehemiah 13:23,12,ܘܡܘܒܝ̈ܬܐ,,,,Peshitta,PESH
16,Nehemiah,13,24,Nehemiah 13:24,1,ܘܒܢܝ̈ܗܝܢ,,,,Peshitta,PESH
16,Nehemiah,13,24,Nehemiah 13:24,2,ܡܡܠܠܝܢ,,,,Peshitta,PESH
16,Nehemiah,13,24,Nehemiah 13:24,3,ܦܠܓܐ,,,,Peshitta,PESH
16,Nehemiah,13,24,Nehemiah 13:24,4,ܐܫܕܘܕܐܝܬ,,,,Peshitta,PESH
16,Nehemiah,13,24,Nehemiah 13:24,5,ܘܦܠܓܐ,,,,Peshitta,PESH
16,Nehemiah,13,24,Nehemiah 13:24,6,ܚܟܡܝܢ,,,,Peshitta,PESH
16,Nehemiah,13,24,Nehemiah 13:24,7,ܠܡܡܠܠܘ,,,,Peshitta,PESH
16,Nehemiah,13,24,Nehemiah 13:24,8,ܝܗܘܕܐܝܬ,,,,Peshitta,PESH
16,Nehemiah,13,24,Nehemiah 13:24,9,ܐܠܐ,,,,Peshitta,PESH
16,Nehemiah,13,24,Nehemiah 13:24,10,ܐܝܟ,,,,Peshitta,PESH
16,Nehemiah,13,24,Nehemiah 13:24,11,ܠܫܢܐ,,,,Peshitta,PESH
16,Nehemiah,13,24,Nehemiah 13:24,12,ܕܥܡܡ̈ܐ,,,,Peshitta,PESH
16,Nehemiah,13,25,Nehemiah 13:25,1,ܘܕܢܬ̇,,,,Peshitta,PESH
16,Nehemiah,13,25,Nehemiah 13:25,2,ܥܡܗܘܢ,,,,Peshitta,PESH
16,Nehemiah,13,25,Nehemiah 13:25,3,ܘܠܛܬ̇,,,,Peshitta,PESH
16,Nehemiah,13,25,Nehemiah 13:25,4,ܐܢܘܢ,,,,Peshitta,PESH
16,Nehemiah,13,25,Nehemiah 13:25,5,ܘܩܛܠܬ̇,,,,Peshitta,PESH
16,Nehemiah,13,25,Nehemiah 13:25,6,ܡܢܗܘܢ,,,,Peshitta,PESH
16,Nehemiah,13,25,Nehemiah 13:25,7,ܓܒܪ̈ܐ,,,,Peshitta,PESH
16,Nehemiah,13,25,Nehemiah 13:25,8,ܘܛܡܪܬ̇,,,,Peshitta,PESH
16,Nehemiah,13,25,Nehemiah 13:25,9,ܐܢܘܢ,,,,Peshitta,PESH
16,Nehemiah,13,25,Nehemiah 13:25,10,ܘܐܘܡ̇ܝܬ,,,,Peshitta,PESH
16,Nehemiah,13,25,Nehemiah 13:25,11,ܐܢܘܢ,,,,Peshitta,PESH
16,Nehemiah,13,25,Nehemiah 13:25,12,ܒܐܠܗܐ,,,,Peshitta,PESH
16,Nehemiah,13,25,Nehemiah 13:25,13,ܕܠܐ,,,,Peshitta,PESH
16,Nehemiah,13,25,Nehemiah 13:25,14,ܬܬܠܘܢ,,,,Peshitta,PESH
16,Nehemiah,13,25,Nehemiah 13:25,15,ܒܢ̈ܬܟܘܢ,,,,Peshitta,PESH
16,Nehemiah,13,25,Nehemiah 13:25,16,ܠܒܢܝ̈ܗܘܢ,,,,Peshitta,PESH
16,Nehemiah,13,25,Nehemiah 13:25,17,ܘܠܐ,,,,Peshitta,PESH
16,Nehemiah,13,25,Nehemiah 13:25,18,ܬܣܒܘܢ,,,,Peshitta,PESH
16,Nehemiah,13,25,Nehemiah 13:25,19,ܡܢ,,,,Peshitta,PESH
16,Nehemiah,13,25,Nehemiah 13:25,20,ܒܢ̈ܬܗܘܢ,,,,Peshitta,PESH
16,Nehemiah,13,25,Nehemiah 13:25,21,ܠܒܢܝ̈ܟܘܢ,,,,Peshitta,PESH
16,Nehemiah,13,25,Nehemiah 13:25,22,ܘܝ,,,,Peshitta,PESH
16,Nehemiah,13,25,Nehemiah 13:25,23,ܠܟܘܢ,,,,Peshitta,PESH
16,Nehemiah,13,26,Nehemiah 13:26,1,ܡܛܠ,,,,Peshitta,PESH
16,Nehemiah,13,26,Nehemiah 13:26,2,ܗܠܝܢ,,,,Peshitta,PESH
16,Nehemiah,13,26,Nehemiah 13:26,3,ܗܘ,,,,Peshitta,PESH
16,Nehemiah,13,26,Nehemiah 13:26,4,ܚ̣ܛܐ,,,,Peshitta,PESH
16,Nehemiah,13,26,Nehemiah 13:26,5,ܫܠܝܡܘܢ,,,,Peshitta,PESH
16,Nehemiah,13,26,Nehemiah 13:26,6,ܡ̇ܠܟܐ,,,,Peshitta,PESH
16,Nehemiah,13,26,Nehemiah 13:26,7,ܕܐܝܣܪܝܠ,,,,Peshitta,PESH
16,Nehemiah,13,26,Nehemiah 13:26,8,ܗ̇ܘ,,,,Peshitta,PESH
16,Nehemiah,13,26,Nehemiah 13:26,9,ܕܒܥܡ̈ܡܐ,,,,Peshitta,PESH
16,Nehemiah,13,26,Nehemiah 13:26,10,ܣܓܝ̈ܐܐ,,,,Peshitta,PESH
16,Nehemiah,13,26,Nehemiah 13:26,11,ܠܐ,,,,Peshitta,PESH
16,Nehemiah,13,26,Nehemiah 13:26,12,ܗ̣ܘܐ,,,,Peshitta,PESH
16,Nehemiah,13,26,Nehemiah 13:26,13,ܡ̇ܠܟܐ,,,,Peshitta,PESH
16,Nehemiah,13,26,Nehemiah 13:26,14,ܐܟܘܬܗ,,,,Peshitta,PESH
16,Nehemiah,13,26,Nehemiah 13:26,15,ܘܪܚܝܡ,,,,Peshitta,PESH
16,Nehemiah,13,26,Nehemiah 13:26,16,ܗܘܐ,,,,Peshitta,PESH
16,Nehemiah,13,26,Nehemiah 13:26,17,ܥܠ,,,,Peshitta,PESH
16,Nehemiah,13,26,Nehemiah 13:26,18,ܐܠܗܗ,,,,Peshitta,PESH
16,Nehemiah,13,26,Nehemiah 13:26,19,ܘܝܗܒܗ,,,,Peshitta,PESH
16,Nehemiah,13,26,Nehemiah 13:26,20,ܐܠܗܐ,,,,Peshitta,PESH
16,Nehemiah,13,26,Nehemiah 13:26,21,ܡ̇ܠܟܐ,,,,Peshitta,PESH
16,Nehemiah,13,26,Nehemiah 13:26,22,ܥܠ,,,,Peshitta,PESH
16,Nehemiah,13,26,Nehemiah 13:26,23,ܟܘܠܗ,,,,Peshitta,PESH
16,Nehemiah,13,26,Nehemiah 13:26,24,ܐܝܣܪܐܝܠ,,,,Peshitta,PESH
16,Nehemiah,13,26,Nehemiah 13:26,25,ܘܐܦ,,,,Peshitta,PESH
16,Nehemiah,13,26,Nehemiah 13:26,26,ܠܗ,,,,Peshitta,PESH
16,Nehemiah,13,26,Nehemiah 13:26,27,ܐܚܛܝ,,,,Peshitta,PESH
16,Nehemiah,13,26,Nehemiah 13:26,28,ܢܫ̈ܐ,,,,Peshitta,PESH
16,Nehemiah,13,26,Nehemiah 13:26,29,ܢܘܟܪ̈ܝܬܐ,,,,Peshitta,PESH
16,Nehemiah,13,27,Nehemiah 13:27,1,ܘܠܟܘܢ,,,,Peshitta,PESH
16,Nehemiah,13,27,Nehemiah 13:27,2,ܐܫܬܡܥ,,,,Peshitta,PESH
16,Nehemiah,13,27,Nehemiah 13:27,3,ܦܬܓܡܐ,,,,Peshitta,PESH
16,Nehemiah,13,27,Nehemiah 13:27,4,ܘܥܒܕܬܘܢ,,,,Peshitta,PESH
16,Nehemiah,13,27,Nehemiah 13:27,5,ܗܕܐ,,,,Peshitta,PESH
16,Nehemiah,13,27,Nehemiah 13:27,6,ܒܝܫܬܐ,,,,Peshitta,PESH
16,Nehemiah,13,27,Nehemiah 13:27,7,ܪܒܬܐ,,,,Peshitta,PESH
16,Nehemiah,13,27,Nehemiah 13:27,8,ܠܡܟܕܒܘ,,,,Peshitta,PESH
16,Nehemiah,13,27,Nehemiah 13:27,9,ܒܐܠܗܢ,,,,Peshitta,PESH
16,Nehemiah,13,27,Nehemiah 13:27,10,ܘܠܡܘܬܒܘ,,,,Peshitta,PESH
16,Nehemiah,13,27,Nehemiah 13:27,11,ܢܫ̈ܐ,,,,Peshitta,PESH
16,Nehemiah,13,27,Nehemiah 13:27,12,ܢܘܟܪ̈ܝܬܐ,,,,Peshitta,PESH
16,Nehemiah,13,28,Nehemiah 13:28,1,ܘܡܢ,,,,Peshitta,PESH
16,Nehemiah,13,28,Nehemiah 13:28,2,ܒܢ̈ܝ,,,,Peshitta,PESH
16,Nehemiah,13,28,Nehemiah 13:28,3,ܝܘܝܕܥ,,,,Peshitta,PESH
16,Nehemiah,13,28,Nehemiah 13:28,4,ܒܪ,,,,Peshitta,PESH
16,Nehemiah,13,28,Nehemiah 13:28,5,ܐܠܝܫܒ,,,,Peshitta,PESH
16,Nehemiah,13,28,Nehemiah 13:28,6,ܟܘܡܪܐ,,,,Peshitta,PESH
16,Nehemiah,13,28,Nehemiah 13:28,7,ܪܒܐ,,,,Peshitta,PESH
16,Nehemiah,13,28,Nehemiah 13:28,8,ܗ̣ܘܐ,,,,Peshitta,PESH
16,Nehemiah,13,28,Nehemiah 13:28,9,ܚܬܢܐ,,,,Peshitta,PESH
16,Nehemiah,13,28,Nehemiah 13:28,10,ܠܣܡܒܠܝܛ,,,,Peshitta,PESH
16,Nehemiah,13,28,Nehemiah 13:28,11,ܚܘܪܢܝܐ,,,,Peshitta,PESH
16,Nehemiah,13,28,Nehemiah 13:28,12,ܘܐܦܪܩܬܗ,,,,Peshitta,PESH
16,Nehemiah,13,28,Nehemiah 13:28,13,ܡܢ,,,,Peshitta,PESH
16,Nehemiah,13,28,Nehemiah 13:28,14,ܠܘܬܝ,,,,Peshitta,PESH
16,Nehemiah,13,29,Nehemiah 13:29,1,ܐܬܕܟܪ,,,,Peshitta,PESH
16,Nehemiah,13,29,Nehemiah 13:29,2,ܠܗܘܢ,,,,Peshitta,PESH
16,Nehemiah,13,29,Nehemiah 13:29,3,ܐܠܗܝ,,,,Peshitta,PESH
16,Nehemiah,13,29,Nehemiah 13:29,4,ܥܠ,,,,Peshitta,PESH
16,Nehemiah,13,29,Nehemiah 13:29,5,ܫܪܟܐ,,,,Peshitta,PESH
16,Nehemiah,13,29,Nehemiah 13:29,6,ܕܟܘܡܪܘܬܐ,,,,Peshitta,PESH
16,Nehemiah,13,29,Nehemiah 13:29,7,ܘܥܠ,,,,Peshitta,PESH
16,Nehemiah,13,29,Nehemiah 13:29,8,ܫܪܟܐ,,,,Peshitta,PESH
16,Nehemiah,13,29,Nehemiah 13:29,9,ܕܟܘܡܪ̈ܐ,,,,Peshitta,PESH
16,Nehemiah,13,29,Nehemiah 13:29,10,ܘܕܠܘܝ̈ܐ,,,,Peshitta,PESH
16,Nehemiah,13,30,Nehemiah 13:30,1,ܘܕܟܝ̇ܬ,,,,Peshitta,PESH
16,Nehemiah,13,30,Nehemiah 13:30,2,ܐܢܘܢ,,,,Peshitta,PESH
16,Nehemiah,13,30,Nehemiah 13:30,3,ܡܢ,,,,Peshitta,PESH
16,Nehemiah,13,30,Nehemiah 13:30,4,ܟܘܠܗܘܢ,,,,Peshitta,PESH
16,Nehemiah,13,30,Nehemiah 13:30,5,ܥܡ̈ܡܐ,,,,Peshitta,PESH
16,Nehemiah,13,30,Nehemiah 13:30,6,ܘܐܩܝܡ̇ܬ,,,,Peshitta,PESH
16,Nehemiah,13,30,Nehemiah 13:30,7,ܐܢܘܢ,,,,Peshitta,PESH
16,Nehemiah,13,30,Nehemiah 13:30,8,ܒܢܛܘܪ̈ܬܗܘܢ,,,,Peshitta,PESH
16,Nehemiah,13,30,Nehemiah 13:30,9,ܠܟܘܡܪ̈ܐ,,,,Peshitta,PESH
16,Nehemiah,13,30,Nehemiah 13:30,10,ܘܠܠܘܝ̈ܐ,,,,Peshitta,PESH
16,Nehemiah,13,30,Nehemiah 13:30,11,ܐܢܫ,,,,Peshitta,PESH
16,Nehemiah,13,30,Nehemiah 13:30,12,ܒܥܒ̇ܕܗ,,,,Peshitta,PESH
16,Nehemiah,13,31,Nehemiah 13:31,1,ܘܠܩܘܪ̈ܒܢܐ,,,,Peshitta,PESH
16,Nehemiah,13,31,Nehemiah 13:31,2,ܘܠܩܘ̈ܕܫܐ,,,,Peshitta,PESH
16,Nehemiah,13,31,Nehemiah 13:31,3,ܒܙܒܢܗܘܢ,,,,Peshitta,PESH
16,Nehemiah,13,31,Nehemiah 13:31,4,ܘܒܥܐܕܝ̈ܗܘܢ,,,,Peshitta,PESH
16,Nehemiah,13,31,Nehemiah 13:31,5,ܘܒܒܘܟܪ̈ܐ,,,,Peshitta,PESH
16,Nehemiah,13,31,Nehemiah 13:31,6,ܐܬܕܟܪ,,,,Peshitta,PESH
16,Nehemiah,13,31,Nehemiah 13:31,7,ܠܝ,,,,Peshitta,PESH
16,Nehemiah,13,31,Nehemiah 13:31,8,ܐܠܗܝ,,,,Peshitta,PESH
16,Nehemiah,13,31,Nehemiah 13:31,9,ܗܕܐ,,,,Peshitta,PESH
16,Nehemiah,13,31,Nehemiah 13:31,10,ܛܝܒܘ,,,,Peshitta,PESH
16,Nehemiah,13,31,Nehemiah 13:31,11,ܫܠܡ,,,,Peshitta,PESH
16,Nehemiah,13,31,Nehemiah 13:31,12,ܠܡܟܬܒ,,,,Peshitta,PESH
16,Nehemiah,13,31,Nehemiah 13:31,13,ܟܬܒܐ,,,,Peshitta,PESH
16,Nehemiah,13,31,Nehemiah 13:31,14,ܕܥܙܪܐ,,,,Peshitta,PESH
16,Nehemiah,13,31,Nehemiah 13:31,15,ܣ̇ܦܪܐ,,,,Peshitta,PESH
